instance sat family size vbdpd vbbjdpd
F.04 1 1 300 2266 2436
C.18 1 1 1000 1029 1188
A.04 1 1 200 43 44
C.02 1 1 1000 1087 1078
E.01 0 1 300 2726 2750
F.20 1 1 300 2141 1869
B.20 1 1 600 387 380
C.08 1 1 1000 1005 1017
B.11 1 1 600 371 368
C.10 1 1 1000 1167 1435
B.06 1 1 600 387 365
F.08 1 1 300 2086 2107
B.07 1 1 600 393 396
E.04 0 1 300 2412 2457
C.01 1 1 1000 1027 1027
B.10 1 1 600 439 500
A.15 1 1 200 39 39
C.19 1 1 1000 1105 1041
B.02 1 1 600 377 359
E.06 0 1 300 2553 2587
E.18 0 1 300 1374 1399
C.20 1 1 1000 1045 1044
F.02 1 1 300 1814 1830
F.11 1 1 300 2203 2233
F.12 1 1 300 2336 2362
E.05 0 1 300 1981 2010
B.16 1 1 600 392 398
A.08 1 1 200 33 40
C.14 1 1 1000 1084 1086
F.16 1 1 300 1788 1798
F.06 1 1 300 1710 1989
A.03 1 1 200 42 43
E.19 0 1 300 1485 1648
C.15 1 1 1000 1264 1246
A.16 1 1 200 49 45
B.14 1 1 600 376 375
A.02 1 1 200 40 40
F.14 1 1 300 1441 1462
F.05 1 1 300 1624 1644
B.09 1 1 600 380 379
A.01 1 1 200 42 44
C.05 1 1 1000 1026 1400
B.01 1 1 600 393 431
A.09 1 1 200 37 37
A.07 1 1 200 34 34
F.03 1 1 300 1570 1563
E.12 0 1 300 1899 1928
C.06 1 1 1000 1097 1331
C.09 1 1 1000 993 1078
B.17 1 1 600 483 378
C.07 1 1 1000 1147 1183
E.09 0 1 300 1797 1824
E.17 0 1 300 1706 1734
C.11 1 1 1000 1047 1052
F.10 0 1 300 2551 2595
A.17 1 1 200 40 41
B.15 1 1 600 377 381
E.03 0 1 300 2186 2246
F.19 1 1 300 1477 1486
A.12 1 1 200 38 40
B.08 1 1 600 350 349
F.17 1 1 300 2764 2708
C.04 1 1 1000 1084 1090
B.19 1 1 600 366 365
C.16 1 1 1000 1027 1023
C.17 1 1 1000 1018 1012
E.08 0 1 300 1675 1854
F.13 1 1 300 1816 1845
A.20 1 1 200 40 37
E.02 0 1 300 2736 2741
E.16 0 1 300 2173 1943
B.12 1 1 600 381 377
F.09 1 1 300 1779 1802
A.10 1 1 200 65 48
F.18 1 1 300 2790 2931
E.10 1 1 300 1529 1550
A.06 1 1 200 42 45
E.15 0 1 300 3792 3808
E.07 0 1 300 3167 3357
E.11 0 1 300 1563 1530
B.03 1 1 600 396 394
B.18 1 1 600 354 384
C.03 1 1 1000 1003 1010
A.18 1 1 200 39 40
F.15 1 1 300 2089 1958
A.19 1 1 200 42 53
C.12 1 1 1000 1002 998
B.05 1 1 600 363 359
A.13 1 1 200 38 37
A.05 1 1 200 43 41
F.01 1 1 300 1875 2078
E.20 0 1 300 3169 3269
B.13 1 1 600 345 351
A.14 1 1 200 45 46
B.04 1 1 600 520 372
C.13 1 1 1000 1110 1215
F.07 1 1 300 1520 1534
E.13 0 1 300 3127 2828
E.14 0 1 300 1704 1746
A.11 1 1 200 38 39
si6-r005-m400.07 1 7 400 3094 2866
si6-r005-m400.00 1 7 400 2587 2954
si6-r005-m400.01 1 7 400 2867 2899
si6-r005-m400.02 1 7 400 2362 2354
si6-r005-m400.04 1 7 400 2729 2385
si6-r005-m400.05 1 7 400 4018 4054
si6-r005-m400.09 1 7 400 2186 2113
si6-r005-m400.03 1 7 400 2845 2866
si6-r005-m400.06 1 7 400 2405 2280
si6-r005-m400.08 1 7 400 2966 2981
si6-m4Dr6-m625.04 1 6 625 228 308
si6-m4Dr6-m625.01 1 6 625 457 528
si6-m4Dr6-m625.09 1 6 625 436 572
si6-m4Dr6-m625.07 1 6 625 401 395
si6-m4Dr6-m625.00 1 6 625 210 209
si6-m4Dr6-m625.08 1 6 625 243 241
si6-m4Dr6-m625.05 1 6 625 407 403
si6-m4Dr6-m625.06 1 6 625 208 208
si6-m4Dr6-m625.02 1 6 625 249 243
si6-m4Dr6-m625.03 1 6 625 345 341
si4-m4Dr2-m625.09 1 6 625 236 234
si4-m4Dr2-m625.04 1 6 625 136 182
si4-m4Dr2-m625.02 1 6 625 190 249
si4-m4Dr2-m625.07 1 6 625 180 179
si4-m4Dr2-m625.00 1 6 625 227 198
si4-m4Dr2-m625.08 1 6 625 227 218
si4-m4Dr2-m625.01 1 6 625 240 217
si4-m4Dr2-m625.06 1 6 625 311 304
si4-m4Dr2-m625.03 1 6 625 242 240
si4-m4Dr2-m625.05 1 6 625 260 245
si2-r001-m600.00 1 7 600 178 179
si2-r001-m600.06 1 7 600 583 583
si2-r001-m600.04 1 7 600 263 327
si2-r001-m600.07 1 7 600 1290 914
si2-r001-m600.02 1 7 600 192 189
si2-r001-m600.08 1 7 600 384 385
si2-r001-m600.03 1 7 600 217 225
si2-r001-m600.01 1 7 600 210 175
si2-r001-m600.05 1 7 600 272 178
si2-r001-m600.09 1 7 600 448 415
si2-m4Dr2-m256.09 1 6 256 15 17
si2-m4Dr2-m256.03 1 6 256 15 18
si2-m4Dr2-m256.04 1 6 256 29 30
si2-m4Dr2-m256.07 1 6 256 17 11
si2-m4Dr2-m256.00 1 6 256 14 14
si2-m4Dr2-m256.06 1 6 256 19 17
si2-m4Dr2-m256.08 1 6 256 25 21
si2-m4Dr2-m256.05 1 6 256 31 31
si2-m4Dr2-m256.01 1 6 256 20 13
si2-m4Dr2-m256.02 1 6 256 11 11
si6-r001-m600.09 1 7 600 1090 1087
si6-r001-m600.00 1 7 600 1143 1118
si6-r001-m600.07 1 7 600 1152 1216
si6-r001-m600.03 1 7 600 1161 1219
si6-r001-m600.01 1 7 600 1211 1215
si6-r001-m600.06 1 7 600 1120 1111
si6-r001-m600.08 1 7 600 1281 1171
si6-r001-m600.02 1 7 600 1164 1169
si6-r001-m600.04 1 7 600 1109 1105
si6-r001-m600.05 1 7 600 1299 1165
si2-m4Dr2-m1296.05 1 6 1296 453 586
si2-m4Dr2-m1296.09 1 6 1296 265 268
si2-m4Dr2-m1296.02 1 6 1296 504 507
si2-m4Dr2-m1296.07 1 6 1296 490 460
si2-m4Dr2-m1296.00 1 6 1296 608 608
si2-m4Dr2-m1296.06 1 6 1296 280 272
si2-m4Dr2-m1296.08 1 6 1296 273 276
si2-m4Dr2-m1296.01 1 6 1296 592 590
si2-m4Dr2-m1296.03 1 6 1296 398 254
si2-m4Dr2-m1296.04 1 6 1296 474 388
si4-b06m-m800.08 1 4 800 460 478
si4-b06m-m800.00 1 4 800 469 372
si4-b06m-m800.06 1 4 800 424 500
si4-b06m-m800.05 1 4 800 558 555
si4-b06m-m800.04 1 4 800 279 275
si4-b06m-m800.09 1 4 800 273 275
si4-b06m-m800.01 1 4 800 508 449
si4-b06m-m800.07 1 4 800 389 373
si4-b06m-m800.03 1 4 800 499 498
si4-b06m-m800.02 1 4 800 302 329
si6-m4Dr2-m625.08 1 6 625 195 193
si6-m4Dr2-m625.09 1 6 625 193 193
si6-m4Dr2-m625.05 1 6 625 205 197
si6-m4Dr2-m625.01 1 6 625 337 336
si6-m4Dr2-m625.06 1 6 625 420 351
si6-m4Dr2-m625.00 1 6 625 280 317
si6-m4Dr2-m625.03 1 6 625 321 291
si6-m4Dr2-m625.02 1 6 625 197 195
si6-m4Dr2-m625.07 1 6 625 305 350
si6-m4Dr2-m625.04 1 6 625 371 379
si2-m4D-m1296.01 1 5 1296 427 403
si2-m4D-m1296.08 1 5 1296 762 908
si2-m4D-m1296.06 1 5 1296 654 621
si2-m4D-m1296.05 1 5 1296 415 417
si2-m4D-m1296.09 1 5 1296 637 642
si2-m4D-m1296.03 1 5 1296 481 430
si2-m4D-m1296.07 1 5 1296 423 447
si2-m4D-m1296.02 1 5 1296 943 936
si2-m4D-m1296.04 1 5 1296 731 703
si2-m4D-m1296.00 1 5 1296 551 550
si4-b03-m800.05 1 3 800 154 166
si4-b03-m800.00 1 3 800 147 168
si4-b03-m800.08 1 3 800 150 167
si4-b03-m800.09 1 3 800 149 201
si4-b03-m800.03 1 3 800 149 154
si4-b03-m800.02 1 3 800 147 150
si4-b03-m800.04 1 3 800 167 155
si4-b03-m800.01 1 3 800 167 207
si4-b03-m800.06 1 3 800 153 224
si4-b03-m800.07 1 3 800 147 150
si6-m4D-m1296.02 1 5 1296 654 799
si6-m4D-m1296.07 1 5 1296 822 853
si6-m4D-m1296.05 1 5 1296 633 609
si6-m4D-m1296.09 1 5 1296 923 867
si6-m4D-m1296.00 1 5 1296 772038 803598
si6-m4D-m1296.08 1 5 1296 619 746
si6-m4D-m1296.04 1 5 1296 585 587
si6-m4D-m1296.06 1 5 1296 1903 1847
si6-m4D-m1296.01 1 5 1296 1219 1321
si6-m4D-m1296.03 1 5 1296 7458 6841
si6-r001-m200.05 1 7 200 23 23
si6-r001-m200.09 1 7 200 15 16
si6-r001-m200.07 1 7 200 13 14
si6-r001-m200.02 1 7 200 23 16
si6-r001-m200.01 1 7 200 14 14
si6-r001-m200.00 1 7 200 22 14
si6-r001-m200.04 1 7 200 24 23
si6-r001-m200.06 1 7 200 14 14
si6-r001-m200.08 1 7 200 27 26
si6-r001-m200.03 1 7 200 15 16
si4-b06-m400.06 1 3 400 107 170
si4-b06-m400.07 1 3 400 107 109
si4-b06-m400.09 1 3 400 107 108
si4-b06-m400.01 1 3 400 111 146
si4-b06-m400.04 1 3 400 120 113
si4-b06-m400.03 1 3 400 108 109
si4-b06-m400.00 1 3 400 113 108
si4-b06-m400.05 1 3 400 110 127
si4-b06-m400.08 1 3 400 110 109
si4-b06-m400.02 1 3 400 108 138
si2-m4Dr6-m256.06 1 6 256 15 15
si2-m4Dr6-m256.05 1 6 256 23 23
si2-m4Dr6-m256.09 1 6 256 42 41
si2-m4Dr6-m256.00 1 6 256 28 29
si2-m4Dr6-m256.07 1 6 256 21 16
si2-m4Dr6-m256.04 1 6 256 27 26
si2-m4Dr6-m256.02 1 6 256 18 23
si2-m4Dr6-m256.01 1 6 256 14 21
si2-m4Dr6-m256.08 1 6 256 27 40
si2-m4Dr6-m256.03 1 6 256 21 15
si6-r01-m200.04 1 7 200 614 470
si6-r01-m200.08 1 7 200 381 399
si6-r01-m200.02 1 7 200 420 428
si6-r01-m200.09 1 7 200 1253 1267
si6-r01-m200.07 1 7 200 384 388
si6-r01-m200.00 1 7 200 549 561
si6-r01-m200.01 1 7 200 1436 1452
si6-r01-m200.03 1 7 200 467 477
si6-r01-m200.05 1 7 200 1268 1271
si6-r01-m200.06 1 7 200 639 658
si2-b03m-m800.03 1 4 800 58 55
si2-b03m-m800.02 1 4 800 72 70
si2-b03m-m800.09 1 4 800 103 106
si2-b03m-m800.04 1 4 800 106 106
si2-b03m-m800.06 1 4 800 162 155
si2-b03m-m800.05 1 4 800 205 162
si2-b03m-m800.01 1 4 800 107 114
si2-b03m-m800.08 1 4 800 68 89
si2-b03m-m800.07 1 4 800 56 55
si2-b03m-m800.00 1 4 800 67 68
si2-r001-m200.06 1 7 200 5 5
si2-r001-m200.01 1 7 200 9 10
si2-r001-m200.02 1 7 200 7 11
si2-r001-m200.07 1 7 200 6 6
si2-r001-m200.04 1 7 200 5 6
si2-r001-m200.05 1 7 200 6 6
si2-r001-m200.09 1 7 200 6 7
si2-r001-m200.03 1 7 200 8 7
si2-r001-m200.00 1 7 200 5 5
si2-r001-m200.08 1 7 200 6 9
si6-b03m-m800.01 1 4 800 215 215
si6-b03m-m800.08 1 4 800 337 404
si6-b03m-m800.03 1 4 800 162 162
si6-b03m-m800.00 1 4 800 264 265
si6-b03m-m800.04 1 4 800 155 155
si6-b03m-m800.05 1 4 800 217 215
si6-b03m-m800.07 1 4 800 214 213
si6-b03m-m800.06 1 4 800 169 161
si6-b03m-m800.09 1 4 800 185 159
si6-b03m-m800.02 1 4 800 240 211
si4-r005-m200.00 1 7 200 106 136
si4-r005-m200.08 1 7 200 102 106
si4-r005-m200.02 1 7 200 139 131
si4-r005-m200.05 1 7 200 101 102
si4-r005-m200.06 1 7 200 120 108
si4-r005-m200.04 1 7 200 119 118
si4-r005-m200.07 1 7 200 132 138
si4-r005-m200.09 1 7 200 174 122
si4-r005-m200.01 1 7 200 97 110
si4-r005-m200.03 1 7 200 99 108
si6-b09m-m400.03 1 4 400 161 163
si6-b09m-m400.07 1 4 400 273 298
si6-b09m-m400.00 1 4 400 194 187
si6-b09m-m400.04 1 4 400 388 389
si6-b09m-m400.06 1 4 400 166 203
si6-b09m-m400.08 1 4 400 408 354
si6-b09m-m400.02 1 4 400 360 475
si6-b09m-m400.05 1 4 400 159 158
si6-b09m-m400.09 1 4 400 145 144
si6-b09m-m400.01 1 4 400 171 173
si2-b09-m200.08 1 3 200 24 24
si2-b09-m200.01 1 3 200 23 24
si2-b09-m200.06 1 3 200 24 26
si2-b09-m200.05 1 3 200 24 27
si2-b09-m200.00 1 3 200 24 36
si2-b09-m200.02 1 3 200 23 24
si2-b09-m200.03 1 3 200 26 25
si2-b09-m200.04 1 3 200 28 26
si2-b09-m200.09 1 3 200 24 32
si2-b09-m200.07 1 3 200 34 24
si6-r01-m600.02 1 7 600 70689 71550
si6-r01-m600.06 1 7 600 61572 62332
si6-r01-m600.09 1 7 600 28592 28639
si6-r01-m600.08 1 7 600 204878 208294
si6-r01-m600.05 1 7 600 45838 46672
si6-r01-m600.07 1 7 600 242832 246921
si6-r01-m600.03 1 7 600 120199 121812
si6-r01-m600.00 1 7 600 49157 49681
si6-r01-m600.01 1 7 600 610211 620983
si6-r01-m600.04 1 7 600 421077 428585
si2-b06-m200.02 1 3 200 17 20
si2-b06-m200.00 1 3 200 23 16
si2-b06-m200.01 1 3 200 14 15
si2-b06-m200.06 1 3 200 20 19
si2-b06-m200.09 1 3 200 14 15
si2-b06-m200.07 1 3 200 15 15
si2-b06-m200.04 1 3 200 23 22
si2-b06-m200.08 1 3 200 14 22
si2-b06-m200.03 1 3 200 23 23
si2-b06-m200.05 1 3 200 23 15
si6-m4Dr2-m1296.05 1 6 1296 723 714
si6-m4Dr2-m1296.09 1 6 1296 1153 987
si6-m4Dr2-m1296.01 1 6 1296 1251 1692
si6-m4Dr2-m1296.06 1 6 1296 1654 1658
si6-m4Dr2-m1296.07 1 6 1296 856 855
si6-m4Dr2-m1296.03 1 6 1296 1261 1265
si6-m4Dr2-m1296.04 1 6 1296 2138 2142
si6-m4Dr2-m1296.00 1 6 1296 1815 1586
si6-m4Dr2-m1296.08 1 6 1296 1232 1451
si6-m4Dr2-m1296.02 1 6 1296 1186 1208
si2-b09m-m800.09 1 4 800 206 182
si2-b09m-m800.07 1 4 800 360 357
si2-b09m-m800.00 1 4 800 222 211
si2-b09m-m800.04 1 4 800 327 298
si2-b09m-m800.02 1 4 800 470 430
si2-b09m-m800.05 1 4 800 211 209
si2-b09m-m800.03 1 4 800 233 237
si2-b09m-m800.08 1 4 800 382 459
si2-b09m-m800.06 1 4 800 234 233
si2-b09m-m800.01 1 4 800 226 216
si4-b03-m400.01 1 3 400 37 37
si4-b03-m400.02 1 3 400 36 38
si4-b03-m400.05 1 3 400 56 37
si4-b03-m400.07 1 3 400 40 44
si4-b03-m400.06 1 3 400 38 38
si4-b03-m400.00 1 3 400 41 37
si4-b03-m400.03 1 3 400 38 48
si4-b03-m400.04 1 3 400 59 59
si4-b03-m400.09 1 3 400 47 50
si4-b03-m400.08 1 3 400 59 39
si2-b03-m200.05 1 3 200 5 5
si2-b03-m200.09 1 3 200 5 5
si2-b03-m200.07 1 3 200 6 5
si2-b03-m200.01 1 3 200 5 9
si2-b03-m200.08 1 3 200 5 5
si2-b03-m200.02 1 3 200 5 5
si2-b03-m200.04 1 3 200 7 5
si2-b03-m200.03 1 3 200 5 5
si2-b03-m200.06 1 3 200 7 5
si2-b03-m200.00 1 3 200 8 6
si4-r005-m600.00 1 7 600 25505 25908
si4-r005-m600.02 1 7 600 7617 7626
si4-r005-m600.08 1 7 600 27251 27655
si4-r005-m600.05 1 7 600 23350 23797
si4-r005-m600.07 1 7 600 9067 9172
si4-r005-m600.06 1 7 600 41639 42391
si4-r005-m600.01 1 7 600 25270 24886
si4-r005-m600.04 1 7 600 21822 22183
si4-r005-m600.03 1 7 600 13734 13869
si4-r005-m600.09 1 7 600 5709 5729
si4-b09-m400.05 1 3 400 209 226
si4-b09-m400.03 1 3 400 203 210
si4-b09-m400.00 1 3 400 204 208
si4-b09-m400.07 1 3 400 226 203
si4-b09-m400.01 1 3 400 208 203
si4-b09-m400.06 1 3 400 207 204
si4-b09-m400.04 1 3 400 238 203
si4-b09-m400.02 1 3 400 202 339
si4-b09-m400.08 1 3 400 203 204
si4-b09-m400.09 1 3 400 202 215
si4-b06m-m400.06 1 4 400 74 76
si4-b06m-m400.03 1 4 400 45 45
si4-b06m-m400.01 1 4 400 139 140
si4-b06m-m400.08 1 4 400 108 78
si4-b06m-m400.05 1 4 400 137 107
si4-b06m-m400.07 1 4 400 52 54
si4-b06m-m400.00 1 4 400 73 72
si4-b06m-m400.04 1 4 400 50 50
si4-b06m-m400.09 1 4 400 64 64
si4-b06m-m400.02 1 4 400 83 111
si2-m4Dr2-m625.05 1 6 625 347 217
si2-m4Dr2-m625.00 1 6 625 131 136
si2-m4Dr2-m625.08 1 6 625 162 103
si2-m4Dr2-m625.09 1 6 625 110 109
si2-m4Dr2-m625.06 1 6 625 158 117
si2-m4Dr2-m625.04 1 6 625 69 68
si2-m4Dr2-m625.01 1 6 625 170 191
si2-m4Dr2-m625.03 1 6 625 65 68
si2-m4Dr2-m625.02 1 6 625 117 162
si2-m4Dr2-m625.07 1 6 625 58 57
si2-r005-m200.02 1 7 200 42 43
si2-r005-m200.01 1 7 200 246 322
si2-r005-m200.03 1 7 200 75 69
si2-r005-m200.05 1 7 200 12009 12778
si2-r005-m200.08 1 7 200 1572 1572
si2-r005-m200.04 1 7 200 6366 6543
si2-r005-m200.09 1 7 200 73 106
si2-r005-m200.06 1 7 200 148 168
si2-r005-m200.00 1 7 200 764 734
si2-r005-m200.07 1 7 200 70 70
si4-b03m-m400.03 1 4 400 26 26
si4-b03m-m400.09 1 4 400 29 42
si4-b03m-m400.08 1 4 400 45 43
si4-b03m-m400.04 1 4 400 28 28
si4-b03m-m400.00 1 4 400 43 45
si4-b03m-m400.01 1 4 400 43 42
si4-b03m-m400.07 1 4 400 33 48
si4-b03m-m400.02 1 4 400 39 41
si4-b03m-m400.06 1 4 400 39 39
si4-b03m-m400.05 1 4 400 28 44
si2-r01-m600.01 1 7 600 325502 331982
si2-r01-m600.06 1 7 600 197811 202663
si2-r01-m600.09 1 7 600 721653 737980
si2-r01-m600.08 1 7 600 1216367 1245494
si2-r01-m600.04 1 7 600 1425768 1455349
si2-r01-m600.02 1 7 600 4092723 4182917
si2-r01-m600.00 1 7 600 25507478 26074160
si2-r01-m600.07 1 7 600 419319 428607
si2-r01-m600.03 1 7 600 2603529 2664784
si2-r01-m600.05 1 7 600 238297 243769
si4-m4Dr6-m256.01 1 6 256 23 24
si4-m4Dr6-m256.00 1 6 256 53 54
si4-m4Dr6-m256.05 1 6 256 35 30
si4-m4Dr6-m256.08 1 6 256 38 27
si4-m4Dr6-m256.03 1 6 256 48 65
si4-m4Dr6-m256.06 1 6 256 56 57
si4-m4Dr6-m256.09 1 6 256 27 28
si4-m4Dr6-m256.07 1 6 256 41 47
si4-m4Dr6-m256.02 1 6 256 74 62
si4-m4Dr6-m256.04 1 6 256 45 45
si2-b03m-m400.02 1 4 400 21 35
si2-b03m-m400.00 1 4 400 33 37
si2-b03m-m400.01 1 4 400 24 28
si2-b03m-m400.05 1 4 400 36 36
si2-b03m-m400.08 1 4 400 29 29
si2-b03m-m400.07 1 4 400 20 20
si2-b03m-m400.09 1 4 400 28 28
si2-b03m-m400.03 1 4 400 25 25
si2-b03m-m400.04 1 4 400 30 43
si2-b03m-m400.06 1 4 400 23 24
si2-b03m-m200.05 1 4 200 19 12
si2-b03m-m200.03 1 4 200 9 6
si2-b03m-m200.00 1 4 200 8 8
si2-b03m-m200.08 1 4 200 9 10
si2-b03m-m200.06 1 4 200 6 10
si2-b03m-m200.02 1 4 200 10 6
si2-b03m-m200.09 1 4 200 9 9
si2-b03m-m200.04 1 4 200 11 12
si2-b03m-m200.01 1 4 200 12 10
si2-b03m-m200.07 1 4 200 4 4
si4-r001-m200.04 1 7 200 9 9
si4-r001-m200.07 1 7 200 17 18
si4-r001-m200.00 1 7 200 10 10
si4-r001-m200.01 1 7 200 10 10
si4-r001-m200.03 1 7 200 9 11
si4-r001-m200.06 1 7 200 22 19
si4-r001-m200.05 1 7 200 13 12
si4-r001-m200.08 1 7 200 10 10
si4-r001-m200.09 1 7 200 12 12
si4-r001-m200.02 1 7 200 17 17
si2-m4D-m256.08 1 5 256 27 29
si2-m4D-m256.03 1 5 256 17 25
si2-m4D-m256.02 1 5 256 23 22
si2-m4D-m256.06 1 5 256 20 17
si2-m4D-m256.04 1 5 256 15 19
si2-m4D-m256.07 1 5 256 29 21
si2-m4D-m256.01 1 5 256 24 25
si2-m4D-m256.09 1 5 256 36 23
si2-m4D-m256.00 1 5 256 42 43
si2-m4D-m256.05 1 5 256 16 18
si6-r01-m400.04 1 7 400 20858 21282
si6-r01-m400.08 1 7 400 6262 6328
si6-r01-m400.07 1 7 400 13664 13761
si6-r01-m400.06 1 7 400 12709 12920
si6-r01-m400.05 1 7 400 52087 52833
si6-r01-m400.02 1 7 400 15352 15532
si6-r01-m400.00 1 7 400 15013 15174
si6-r01-m400.03 1 7 400 8822 8910
si6-r01-m400.01 1 7 400 13740 13849
si6-r01-m400.09 1 7 400 28145 28562
si2-m4Dr4-m625.07 1 6 625 147 145
si2-m4Dr4-m625.02 1 6 625 66 65
si2-m4Dr4-m625.03 1 6 625 228 204
si2-m4Dr4-m625.00 1 6 625 111 110
si2-m4Dr4-m625.05 1 6 625 121 120
si2-m4Dr4-m625.06 1 6 625 135 132
si2-m4Dr4-m625.09 1 6 625 84 80
si2-m4Dr4-m625.01 1 6 625 77 76
si2-m4Dr4-m625.08 1 6 625 79 78
si2-m4Dr4-m625.04 1 6 625 93 82
si4-r01-m400.01 1 7 400 3027 3035
si4-r01-m400.08 1 7 400 61575 62465
si4-r01-m400.02 1 7 400 219520 223332
si4-r01-m400.03 1 7 400 25869 26376
si4-r01-m400.07 1 7 400 52205 52715
si4-r01-m400.06 1 7 400 5872 5925
si4-r01-m400.04 1 7 400 198012 201284
si4-r01-m400.00 1 7 400 344259 349335
si4-r01-m400.05 1 7 400 13297 13512
si4-r01-m400.09 1 7 400 42067 42822
si2-b09m-m400.09 1 4 400 77 78
si2-b09m-m400.03 1 4 400 66 66
si2-b09m-m400.01 1 4 400 52 52
si2-b09m-m400.08 1 4 400 55 55
si2-b09m-m400.05 1 4 400 65 66
si2-b09m-m400.06 1 4 400 51 50
si2-b09m-m400.00 1 4 400 57 59
si2-b09m-m400.02 1 4 400 47 53
si2-b09m-m400.04 1 4 400 51 51
si2-b09m-m400.07 1 4 400 53 53
si2-b09-m800.07 1 3 800 404 403
si2-b09-m800.04 1 3 800 404 404
si2-b09-m800.05 1 3 800 407 403
si2-b09-m800.00 1 3 800 405 404
si2-b09-m800.02 1 3 800 404 403
si2-b09-m800.01 1 3 800 411 476
si2-b09-m800.08 1 3 800 405 404
si2-b09-m800.09 1 3 800 416 405
si2-b09-m800.03 1 3 800 403 405
si2-b09-m800.06 1 3 800 404 403
si6-b03-m400.04 1 3 400 53 54
si6-b03-m400.09 1 3 400 56 60
si6-b03-m400.02 1 3 400 56 54
si6-b03-m400.06 1 3 400 62 63
si6-b03-m400.05 1 3 400 54 54
si6-b03-m400.08 1 3 400 56 57
si6-b03-m400.01 1 3 400 54 56
si6-b03-m400.07 1 3 400 54 54
si6-b03-m400.03 1 3 400 55 54
si6-b03-m400.00 1 3 400 83 60
si2-r005-m600.03 1 7 600 25307 25061
si2-r005-m600.00 1 7 600 478069 472606
si2-r005-m600.06 1 7 600 31431 31592
si2-r005-m600.01 1 7 600 122752 119855
si2-r005-m600.04 1 7 600 308483 299135
si2-r005-m600.09 1 7 600 33291 34019
si2-r005-m600.05 1 7 600 1464829 1452407
si2-r005-m600.02 1 7 600 340345 337038
si2-r005-m600.08 1 7 600 73904 73800
si2-r005-m600.07 1 7 600 10598 10790
si4-r01-m600.05 1 7 600 61172 62298
si4-r01-m600.02 1 7 600 63081 64315
si4-r01-m600.03 1 7 600 234643 239710
si4-r01-m600.07 1 7 600 472866 481802
si4-r01-m600.08 1 7 600 380952 387197
si4-r01-m600.06 1 7 600 162945 165848
si4-r01-m600.01 1 7 600 1050695 1076392
si4-r01-m600.04 1 7 600 336849 343388
si4-r01-m600.00 1 7 600 735086 750431
si4-r01-m600.09 1 7 600 244504 247343
si2-b09-m400.04 1 3 400 102 107
si2-b09-m400.08 1 3 400 102 103
si2-b09-m400.05 1 3 400 103 102
si2-b09-m400.01 1 3 400 103 104
si2-b09-m400.03 1 3 400 102 103
si2-b09-m400.02 1 3 400 103 103
si2-b09-m400.07 1 3 400 103 121
si2-b09-m400.09 1 3 400 102 102
si2-b09-m400.06 1 3 400 103 104
si2-b09-m400.00 1 3 400 102 102
si4-b06-m200.06 1 3 200 43 29
si4-b06-m200.03 1 3 200 28 30
si4-b06-m200.02 1 3 200 27 27
si4-b06-m200.07 1 3 200 42 27
si4-b06-m200.05 1 3 200 30 29
si4-b06-m200.08 1 3 200 27 27
si4-b06-m200.00 1 3 200 27 27
si4-b06-m200.04 1 3 200 27 28
si4-b06-m200.01 1 3 200 32 28
si4-b06-m200.09 1 3 200 31 28
si4-r005-m400.06 1 7 400 3489 3553
si4-r005-m400.03 1 7 400 1606 1610
si4-r005-m400.07 1 7 400 4056 4082
si4-r005-m400.01 1 7 400 1462 1466
si4-r005-m400.04 1 7 400 1719 1731
si4-r005-m400.00 1 7 400 1762 1770
si4-r005-m400.09 1 7 400 2122 1972
si4-r005-m400.05 1 7 400 1501 1501
si4-r005-m400.08 1 7 400 1200 1202
si4-r005-m400.02 1 7 400 4119 3904
si4-m4Dr2-m1296.07 1 6 1296 2060 2067
si4-m4Dr2-m1296.00 1 6 1296 826 827
si4-m4Dr2-m1296.05 1 6 1296 873 899
si4-m4Dr2-m1296.04 1 6 1296 450 448
si4-m4Dr2-m1296.08 1 6 1296 1054 1057
si4-m4Dr2-m1296.01 1 6 1296 1137 1148
si4-m4Dr2-m1296.06 1 6 1296 795 778
si4-m4Dr2-m1296.02 1 6 1296 1083 721
si4-m4Dr2-m1296.03 1 6 1296 611 604
si4-m4Dr2-m1296.09 1 6 1296 981 982
si6-b09-m800.03 1 3 800 1197 1194
si6-b09-m800.09 1 3 800 1196 1196
si6-b09-m800.07 1 3 800 1195 1193
si6-b09-m800.05 1 3 800 1201 1196
si6-b09-m800.04 1 3 800 1202 1195
si6-b09-m800.01 1 3 800 1221 1842
si6-b09-m800.00 1 3 800 1196 1197
si6-b09-m800.02 1 3 800 1196 1194
si6-b09-m800.06 1 3 800 1196 1298
si6-b09-m800.08 1 3 800 1200 1197
si6-b06m-m400.00 1 4 400 254 259
si6-b06m-m400.08 1 4 400 159 155
si6-b06m-m400.03 1 4 400 127 127
si6-b06m-m400.04 1 4 400 280 282
si6-b06m-m400.06 1 4 400 193 197
si6-b06m-m400.07 1 4 400 61 61
si6-b06m-m400.09 1 4 400 153 154
si6-b06m-m400.02 1 4 400 66 67
si6-b06m-m400.01 1 4 400 54 54
si6-b06m-m400.05 1 4 400 64 64
si2-m4Dr4-m1296.08 1 6 1296 300 304
si2-m4Dr4-m1296.07 1 6 1296 444 308
si2-m4Dr4-m1296.03 1 6 1296 315 319
si2-m4Dr4-m1296.05 1 6 1296 671 670
si2-m4Dr4-m1296.06 1 6 1296 552 479
si2-m4Dr4-m1296.04 1 6 1296 691 687
si2-m4Dr4-m1296.09 1 6 1296 271 272
si2-m4Dr4-m1296.01 1 6 1296 541 541
si2-m4Dr4-m1296.00 1 6 1296 497 496
si2-m4Dr4-m1296.02 1 6 1296 283 289
si6-m4Dr6-m1296.02 1 6 1296 1133 1137
si6-m4Dr6-m1296.08 1 6 1296 1075 1080
si6-m4Dr6-m1296.07 1 6 1296 1076 1081
si6-m4Dr6-m1296.06 1 6 1296 976 980
si6-m4Dr6-m1296.03 1 6 1296 1141 1138
si6-m4Dr6-m1296.04 1 6 1296 1135 1137
si6-m4Dr6-m1296.05 1 6 1296 2166 2170
si6-m4Dr6-m1296.00 1 6 1296 1685 1076
si6-m4Dr6-m1296.09 1 6 1296 994 969
si6-m4Dr6-m1296.01 1 6 1296 1746 1751
si4-m4Dr2-m256.00 1 6 256 44 38
si4-m4Dr2-m256.01 1 6 256 48 41
si4-m4Dr2-m256.05 1 6 256 80 81
si4-m4Dr2-m256.04 1 6 256 72 70
si4-m4Dr2-m256.08 1 6 256 67 57
si4-m4Dr2-m256.07 1 6 256 29 29
si4-m4Dr2-m256.06 1 6 256 55 52
si4-m4Dr2-m256.02 1 6 256 32 33
si4-m4Dr2-m256.09 1 6 256 115 117
si4-m4Dr2-m256.03 1 6 256 33 39
si4-b09m-m200.01 1 4 200 33 31
si4-b09m-m200.00 1 4 200 33 33
si4-b09m-m200.03 1 4 200 66 67
si4-b09m-m200.06 1 4 200 52 53
si4-b09m-m200.02 1 4 200 56 54
si4-b09m-m200.04 1 4 200 59 60
si4-b09m-m200.05 1 4 200 44 44
si4-b09m-m200.07 1 4 200 59 56
si4-b09m-m200.08 1 4 200 25 26
si4-b09m-m200.09 1 4 200 59 62
si4-m4Dr4-m625.07 1 6 625 142 140
si4-m4Dr4-m625.05 1 6 625 210 210
si4-m4Dr4-m625.01 1 6 625 212 219
si4-m4Dr4-m625.08 1 6 625 134 134
si4-m4Dr4-m625.09 1 6 625 232 229
si4-m4Dr4-m625.00 1 6 625 148 146
si4-m4Dr4-m625.04 1 6 625 227 224
si4-m4Dr4-m625.06 1 6 625 136 149
si4-m4Dr4-m625.03 1 6 625 124 124
si4-m4Dr4-m625.02 1 6 625 291 291
si4-m4Dr4-m1296.03 1 6 1296 975 954
si4-m4Dr4-m1296.01 1 6 1296 555 557
si4-m4Dr4-m1296.00 1 6 1296 948 959
si4-m4Dr4-m1296.07 1 6 1296 1047 1063
si4-m4Dr4-m1296.02 1 6 1296 815 817
si4-m4Dr4-m1296.04 1 6 1296 547 547
si4-m4Dr4-m1296.09 1 6 1296 1032 1083
si4-m4Dr4-m1296.06 1 6 1296 598 605
si4-m4Dr4-m1296.08 1 6 1296 1631 1638
si4-m4Dr4-m1296.05 1 6 1296 622 622
si2-r005-m400.05 1 7 400 4459 4506
si2-r005-m400.06 1 7 400 2428 2423
si2-r005-m400.08 1 7 400 2899 2883
si2-r005-m400.02 1 7 400 391193 388342
si2-r005-m400.03 1 7 400 6740 6386
si2-r005-m400.00 1 7 400 1675 1563
si2-r005-m400.07 1 7 400 13960 14194
si2-r005-m400.09 1 7 400 634 633
si2-r005-m400.04 1 7 400 8457 8604
si2-r005-m400.01 1 7 400 790 818
si2-b06m-m400.03 1 4 400 66 64
si2-b06m-m400.06 1 4 400 63 63
si2-b06m-m400.05 1 4 400 59 58
si2-b06m-m400.01 1 4 400 47 46
si2-b06m-m400.00 1 4 400 67 81
si2-b06m-m400.08 1 4 400 129 128
si2-b06m-m400.07 1 4 400 85 87
si2-b06m-m400.09 1 4 400 58 58
si2-b06m-m400.04 1 4 400 55 55
si2-b06m-m400.02 1 4 400 33 41
si6-r005-m600.02 1 7 600 10750 10798
si6-r005-m600.08 1 7 600 10705 11179
si6-r005-m600.03 1 7 600 25635 26101
si6-r005-m600.05 1 7 600 19388 20537
si6-r005-m600.07 1 7 600 18804 19645
si6-r005-m600.04 1 7 600 22235 22759
si6-r005-m600.06 1 7 600 37603 38033
si6-r005-m600.01 1 7 600 10747 10659
si6-r005-m600.09 1 7 600 25803 26072
si6-r005-m600.00 1 7 600 10730 10748
si6-r005-m200.02 1 7 200 228 224
si6-r005-m200.08 1 7 200 209 214
si6-r005-m200.09 1 7 200 201 207
si6-r005-m200.05 1 7 200 217 222
si6-r005-m200.03 1 7 200 205 207
si6-r005-m200.00 1 7 200 204 237
si6-r005-m200.04 1 7 200 209 215
si6-r005-m200.07 1 7 200 202 207
si6-r005-m200.01 1 7 200 311 202
si6-r005-m200.06 1 7 200 195 199
si2-m4Dr6-m625.06 1 6 625 98 68
si2-m4Dr6-m625.08 1 6 625 161 137
si2-m4Dr6-m625.07 1 6 625 80 79
si2-m4Dr6-m625.03 1 6 625 74 74
si2-m4Dr6-m625.04 1 6 625 71 71
si2-m4Dr6-m625.05 1 6 625 76 74
si2-m4Dr6-m625.09 1 6 625 168 154
si2-m4Dr6-m625.01 1 6 625 77 75
si2-m4Dr6-m625.02 1 6 625 81 80
si2-m4Dr6-m625.00 1 6 625 116 114
si6-b03-m800.02 1 3 800 221 232
si6-b03-m800.04 1 3 800 221 230
si6-b03-m800.03 1 3 800 221 226
si6-b03-m800.05 1 3 800 221 225
si6-b03-m800.06 1 3 800 221 227
si6-b03-m800.01 1 3 800 221 226
si6-b03-m800.00 1 3 800 321 327
si6-b03-m800.07 1 3 800 221 228
si6-b03-m800.09 1 3 800 222 231
si6-b03-m800.08 1 3 800 222 228
si4-m4D-m1296.09 1 5 1296 1063 1055
si4-m4D-m1296.06 1 5 1296 726 727
si4-m4D-m1296.05 1 5 1296 759 760
si4-m4D-m1296.00 1 5 1296 534 533
si4-m4D-m1296.03 1 5 1296 554 556
si4-m4D-m1296.04 1 5 1296 750 751
si4-m4D-m1296.08 1 5 1296 100000000 100000000
si4-m4D-m1296.02 1 5 1296 622 723
si4-m4D-m1296.01 1 5 1296 758 758
si4-m4D-m1296.07 1 5 1296 738 738
si6-b03m-m400.03 1 4 400 62 70
si6-b03m-m400.01 1 4 400 77 84
si6-b03m-m400.09 1 4 400 76 77
si6-b03m-m400.08 1 4 400 75 106
si6-b03m-m400.07 1 4 400 56 58
si6-b03m-m400.02 1 4 400 41 39
si6-b03m-m400.05 1 4 400 36 37
si6-b03m-m400.00 1 4 400 41 41
si6-b03m-m400.06 1 4 400 138 140
si6-b03m-m400.04 1 4 400 55 90
si4-m4D-m256.07 1 5 256 34 34
si4-m4D-m256.06 1 5 256 35 35
si4-m4D-m256.05 1 5 256 37 60
si4-m4D-m256.08 1 5 256 38 39
si4-m4D-m256.04 1 5 256 40 42
si4-m4D-m256.09 1 5 256 63 64
si4-m4D-m256.02 1 5 256 42 41
si4-m4D-m256.00 1 5 256 40 41
si4-m4D-m256.03 1 5 256 41 39
si4-m4D-m256.01 1 5 256 38 49
si6-b06m-m800.07 1 4 800 523 524
si6-b06m-m800.04 1 4 800 697 695
si6-b06m-m800.01 1 4 800 749 689
si6-b06m-m800.00 1 4 800 528 524
si6-b06m-m800.05 1 4 800 866 854
si6-b06m-m800.08 1 4 800 737 745
si6-b06m-m800.09 1 4 800 918 917
si6-b06m-m800.02 1 4 800 374 370
si6-b06m-m800.03 1 4 800 803 1070
si6-b06m-m800.06 1 4 800 574 595
si4-r001-m400.08 1 7 400 103 103
si4-r001-m400.06 1 7 400 102 103
si4-r001-m400.02 1 7 400 100 101
si4-r001-m400.00 1 7 400 119 121
si4-r001-m400.04 1 7 400 145 96
si4-r001-m400.03 1 7 400 129 106
si4-r001-m400.09 1 7 400 114 103
si4-r001-m400.05 1 7 400 180 178
si4-r001-m400.01 1 7 400 90 91
si4-r001-m400.07 1 7 400 100 107
si2-m4Dr6-m1296.00 1 6 1296 304 304
si2-m4Dr6-m1296.01 1 6 1296 520 531
si2-m4Dr6-m1296.09 1 6 1296 498 644
si2-m4Dr6-m1296.06 1 6 1296 247 327
si2-m4Dr6-m1296.03 1 6 1296 487 487
si2-m4Dr6-m1296.02 1 6 1296 304 303
si2-m4Dr6-m1296.05 1 6 1296 529 526
si2-m4Dr6-m1296.08 1 6 1296 857 793
si2-m4Dr6-m1296.04 1 6 1296 317 317
si2-m4Dr6-m1296.07 1 6 1296 293 292
si2-b03-m800.07 1 3 800 119 81
si2-b03-m800.08 1 3 800 82 81
si2-b03-m800.04 1 3 800 104 111
si2-b03-m800.05 1 3 800 79 81
si2-b03-m800.09 1 3 800 80 82
si2-b03-m800.00 1 3 800 80 89
si2-b03-m800.02 1 3 800 110 81
si2-b03-m800.03 1 3 800 79 81
si2-b03-m800.01 1 3 800 80 82
si2-b03-m800.06 1 3 800 80 82
si4-b03m-m200.05 1 4 200 13 13
si4-b03m-m200.02 1 4 200 12 13
si4-b03m-m200.04 1 4 200 6 7
si4-b03m-m200.07 1 4 200 7 7
si4-b03m-m200.00 1 4 200 29 29
si4-b03m-m200.06 1 4 200 9 9
si4-b03m-m200.03 1 4 200 14 14
si4-b03m-m200.09 1 4 200 20 24
si4-b03m-m200.08 1 4 200 24 25
si4-b03m-m200.01 1 4 200 23 18
si2-b06m-m200.04 1 4 200 19 17
si2-b06m-m200.03 1 4 200 17 16
si2-b06m-m200.08 1 4 200 9 10
si2-b06m-m200.06 1 4 200 44 49
si2-b06m-m200.05 1 4 200 7 7
si2-b06m-m200.02 1 4 200 16 16
si2-b06m-m200.00 1 4 200 20 14
si2-b06m-m200.01 1 4 200 13 9
si2-b06m-m200.09 1 4 200 19 18
si2-b06m-m200.07 1 4 200 13 14
si6-m4Dr4-m625.05 1 6 625 332 331
si6-m4Dr4-m625.09 1 6 625 335 314
si6-m4Dr4-m625.04 1 6 625 305 310
si6-m4Dr4-m625.00 1 6 625 251 250
si6-m4Dr4-m625.08 1 6 625 365 362
si6-m4Dr4-m625.06 1 6 625 459 423
si6-m4Dr4-m625.01 1 6 625 400 399
si6-m4Dr4-m625.03 1 6 625 433 431
si6-m4Dr4-m625.07 1 6 625 235 247
si6-m4Dr4-m625.02 1 6 625 318 316
si4-b03-m200.06 1 3 200 12 10
si4-b03-m200.02 1 3 200 11 10
si4-b03-m200.07 1 3 200 11 9
si4-b03-m200.04 1 3 200 12 12
si4-b03-m200.03 1 3 200 9 13
si4-b03-m200.05 1 3 200 15 9
si4-b03-m200.09 1 3 200 13 14
si4-b03-m200.01 1 3 200 15 15
si4-b03-m200.00 1 3 200 15 15
si4-b03-m200.08 1 3 200 15 9
si2-b03-m400.03 1 3 400 20 20
si2-b03-m400.06 1 3 400 20 20
si2-b03-m400.07 1 3 400 20 20
si2-b03-m400.01 1 3 400 20 20
si2-b03-m400.05 1 3 400 36 34
si2-b03-m400.09 1 3 400 20 21
si2-b03-m400.02 1 3 400 21 21
si2-b03-m400.00 1 3 400 21 20
si2-b03-m400.08 1 3 400 21 22
si2-b03-m400.04 1 3 400 28 20
si4-b09-m200.02 1 3 200 50 50
si4-b09-m200.01 1 3 200 48 50
si4-b09-m200.00 1 3 200 50 50
si4-b09-m200.09 1 3 200 70 50
si4-b09-m200.08 1 3 200 72 60
si4-b09-m200.04 1 3 200 49 50
si4-b09-m200.06 1 3 200 49 64
si4-b09-m200.05 1 3 200 53 62
si4-b09-m200.07 1 3 200 49 50
si4-b09-m200.03 1 3 200 50 50
si4-m4Dr4-m256.05 1 6 256 52 40
si4-m4Dr4-m256.09 1 6 256 45 47
si4-m4Dr4-m256.01 1 6 256 20 21
si4-m4Dr4-m256.03 1 6 256 25 25
si4-m4Dr4-m256.06 1 6 256 44 63
si4-m4Dr4-m256.07 1 6 256 41 42
si4-m4Dr4-m256.00 1 6 256 27 28
si4-m4Dr4-m256.02 1 6 256 25 24
si4-m4Dr4-m256.08 1 6 256 53 59
si4-m4Dr4-m256.04 1 6 256 27 25
si2-m4D-m625.01 1 5 625 117 122
si2-m4D-m625.00 1 5 625 156 118
si2-m4D-m625.08 1 5 625 102 96
si2-m4D-m625.04 1 5 625 111 111
si2-m4D-m625.09 1 5 625 375 392
si2-m4D-m625.02 1 5 625 176 174
si2-m4D-m625.05 1 5 625 229 237
si2-m4D-m625.06 1 5 625 188 192
si2-m4D-m625.07 1 5 625 103 103
si2-m4D-m625.03 1 5 625 130 134
si4-b09-m800.03 1 3 800 834 796
si4-b09-m800.02 1 3 800 844 806
si4-b09-m800.09 1 3 800 799 798
si4-b09-m800.06 1 3 800 797 951
si4-b09-m800.04 1 3 800 1245 796
si4-b09-m800.05 1 3 800 799 802
si4-b09-m800.00 1 3 800 811 795
si4-b09-m800.01 1 3 800 796 810
si4-b09-m800.07 1 3 800 797 796
si4-b09-m800.08 1 3 800 801 836
si2-m4Dr4-m256.05 1 6 256 38 39
si2-m4Dr4-m256.02 1 6 256 24 24
si2-m4Dr4-m256.00 1 6 256 22 22
si2-m4Dr4-m256.07 1 6 256 27 27
si2-m4Dr4-m256.03 1 6 256 14 14
si2-m4Dr4-m256.06 1 6 256 32 33
si2-m4Dr4-m256.04 1 6 256 14 14
si2-m4Dr4-m256.09 1 6 256 12 14
si2-m4Dr4-m256.01 1 6 256 38 39
si2-m4Dr4-m256.08 1 6 256 28 45
si6-m4Dr2-m256.04 1 6 256 72 73
si6-m4Dr2-m256.08 1 6 256 65 49
si6-m4Dr2-m256.00 1 6 256 49 50
si6-m4Dr2-m256.07 1 6 256 91 93
si6-m4Dr2-m256.01 1 6 256 56 56
si6-m4Dr2-m256.09 1 6 256 80 83
si6-m4Dr2-m256.03 1 6 256 49 50
si6-m4Dr2-m256.05 1 6 256 30 31
si6-m4Dr2-m256.02 1 6 256 49 33
si6-m4Dr2-m256.06 1 6 256 29 29
si6-b06-m800.00 1 3 800 627 624
si6-b06-m800.05 1 3 800 625 626
si6-b06-m800.02 1 3 800 625 624
si6-b06-m800.07 1 3 800 629 626
si6-b06-m800.08 1 3 800 626 625
si6-b06-m800.09 1 3 800 632 638
si6-b06-m800.06 1 3 800 980 625
si6-b06-m800.01 1 3 800 670 667
si6-b06-m800.04 1 3 800 627 639
si6-b06-m800.03 1 3 800 627 637
si4-b09m-m800.06 1 4 800 507 501
si4-b09m-m800.01 1 4 800 384 389
si4-b09m-m800.02 1 4 800 1141 1137
si4-b09m-m800.08 1 4 800 346 346
si4-b09m-m800.04 1 4 800 392 364
si4-b09m-m800.03 1 4 800 281 278
si4-b09m-m800.09 1 4 800 482 480
si4-b09m-m800.05 1 4 800 398 396
si4-b09m-m800.00 1 4 800 932 834
si4-b09m-m800.07 1 4 800 546 560
si2-b06-m800.04 1 3 800 219 217
si2-b06-m800.07 1 3 800 218 218
si2-b06-m800.02 1 3 800 342 321
si2-b06-m800.00 1 3 800 229 241
si2-b06-m800.03 1 3 800 232 223
si2-b06-m800.05 1 3 800 217 293
si2-b06-m800.09 1 3 800 217 217
si2-b06-m800.01 1 3 800 218 227
si2-b06-m800.08 1 3 800 218 219
si2-b06-m800.06 1 3 800 217 217
si6-m4D-m256.03 1 5 256 65 77
si6-m4D-m256.08 1 5 256 61 64
si6-m4D-m256.07 1 5 256 54 55
si6-m4D-m256.00 1 5 256 51 52
si6-m4D-m256.01 1 5 256 74 88
si6-m4D-m256.05 1 5 256 67 58
si6-m4D-m256.09 1 5 256 34 35
si6-m4D-m256.04 1 5 256 53 66
si6-m4D-m256.02 1 5 256 53 56
si6-m4D-m256.06 1 5 256 56 56
si2-b06m-m800.07 1 4 800 249 248
si2-b06m-m800.02 1 4 800 198 194
si2-b06m-m800.03 1 4 800 203 205
si2-b06m-m800.01 1 4 800 116 119
si2-b06m-m800.08 1 4 800 242 240
si2-b06m-m800.04 1 4 800 206 203
si2-b06m-m800.06 1 4 800 201 192
si2-b06m-m800.09 1 4 800 262 267
si2-b06m-m800.05 1 4 800 151 150
si2-b06m-m800.00 1 4 800 193 191
si4-b06m-m200.00 1 4 200 29 28
si4-b06m-m200.08 1 4 200 20 22
si4-b06m-m200.05 1 4 200 13 14
si4-b06m-m200.09 1 4 200 17 18
si4-b06m-m200.01 1 4 200 23 24
si4-b06m-m200.07 1 4 200 29 25
si4-b06m-m200.02 1 4 200 109 76
si4-b06m-m200.04 1 4 200 43 29
si4-b06m-m200.06 1 4 200 14 14
si4-b06m-m200.03 1 4 200 18 28
si6-r001-m400.09 1 7 400 198 199
si6-r001-m400.05 1 7 400 198 199
si6-r001-m400.00 1 7 400 209 214
si6-r001-m400.04 1 7 400 196 199
si6-r001-m400.07 1 7 400 200 200
si6-r001-m400.06 1 7 400 198 198
si6-r001-m400.02 1 7 400 196 196
si6-r001-m400.03 1 7 400 198 203
si6-r001-m400.08 1 7 400 190 191
si6-r001-m400.01 1 7 400 221 215
si6-m4D-m625.00 1 5 625 264 259
si6-m4D-m625.07 1 5 625 245 236
si6-m4D-m625.05 1 5 625 196 186
si6-m4D-m625.08 1 5 625 271 262
si6-m4D-m625.02 1 5 625 263 264
si6-m4D-m625.03 1 5 625 3376 3436
si6-m4D-m625.04 1 5 625 261 259
si6-m4D-m625.09 1 5 625 214 215
si6-m4D-m625.01 1 5 625 261 280
si6-m4D-m625.06 1 5 625 177 177
si6-b09m-m800.02 1 4 800 754 752
si6-b09m-m800.09 1 4 800 510 510
si6-b09m-m800.04 1 4 800 602 609
si6-b09m-m800.07 1 4 800 1449 1449
si6-b09m-m800.00 1 4 800 438 437
si6-b09m-m800.05 1 4 800 904 901
si6-b09m-m800.03 1 4 800 565 589
si6-b09m-m800.01 1 4 800 632 636
si6-b09m-m800.06 1 4 800 961 959
si6-b09m-m800.08 1 4 800 915 921
si4-m4Dr6-m1296.01 1 6 1296 624 630
si4-m4Dr6-m1296.07 1 6 1296 1279 1276
si4-m4Dr6-m1296.06 1 6 1296 603 640
si4-m4Dr6-m1296.02 1 6 1296 1071 1076
si4-m4Dr6-m1296.08 1 6 1296 1054 1050
si4-m4Dr6-m1296.03 1 6 1296 631 636
si4-m4Dr6-m1296.00 1 6 1296 1438 1402
si4-m4Dr6-m1296.09 1 6 1296 664 664
si4-m4Dr6-m1296.05 1 6 1296 602 614
si4-m4Dr6-m1296.04 1 6 1296 1085 1094
si2-b06-m400.09 1 3 400 57 56
si2-b06-m400.02 1 3 400 56 58
si2-b06-m400.00 1 3 400 56 88
si2-b06-m400.03 1 3 400 60 64
si2-b06-m400.07 1 3 400 57 62
si2-b06-m400.04 1 3 400 68 59
si2-b06-m400.05 1 3 400 57 59
si2-b06-m400.01 1 3 400 56 94
si2-b06-m400.08 1 3 400 56 58
si2-b06-m400.06 1 3 400 57 56
si4-r01-m200.01 1 7 200 536 536
si4-r01-m200.08 1 7 200 11512 11681
si4-r01-m200.03 1 7 200 1088 1100
si4-r01-m200.04 1 7 200 981 991
si4-r01-m200.07 1 7 200 1340 1086
si4-r01-m200.02 1 7 200 2017 2070
si4-r01-m200.05 1 7 200 752 869
si4-r01-m200.06 1 7 200 518 535
si4-r01-m200.00 1 7 200 3845 3872
si4-r01-m200.09 1 7 200 1175 1184
si2-r001-m400.06 1 7 400 129 89
si2-r001-m400.08 1 7 400 49 56
si2-r001-m400.09 1 7 400 23910 8681
si2-r001-m400.01 1 7 400 50 51
si2-r001-m400.03 1 7 400 61 61
si2-r001-m400.04 1 7 400 7935 6067
si2-r001-m400.05 1 7 400 146 121
si2-r001-m400.02 1 7 400 48 47
si2-r001-m400.00 1 7 400 57 58
si2-r001-m400.07 1 7 400 72 61
si4-b03m-m800.03 1 4 800 176 163
si4-b03m-m800.05 1 4 800 108 108
si4-b03m-m800.06 1 4 800 291 287
si4-b03m-m800.01 1 4 800 248 246
si4-b03m-m800.08 1 4 800 246 152
si4-b03m-m800.09 1 4 800 137 138
si4-b03m-m800.00 1 4 800 165 163
si4-b03m-m800.02 1 4 800 112 116
si4-b03m-m800.07 1 4 800 154 153
si4-b03m-m800.04 1 4 800 148 197
si2-r01-m200.03 1 7 200 132539 135683
si2-r01-m200.00 1 7 200 1698 1728
si2-r01-m200.05 1 7 200 944 959
si2-r01-m200.01 1 7 200 5110 5039
si2-r01-m200.08 1 7 200 119 119
si2-r01-m200.06 1 7 200 26340 26817
si2-r01-m200.09 1 7 200 20792 21016
si2-r01-m200.02 1 7 200 1500 1559
si2-r01-m200.07 1 7 200 3500 3596
si2-r01-m200.04 1 7 200 416 420
si2-r01-m400.04 1 7 400 21975 22311
si2-r01-m400.00 1 7 400 53407 54575
si2-r01-m400.07 1 7 400 697437 713271
si2-r01-m400.09 1 7 400 118474 121123
si2-r01-m400.01 1 7 400 56949 57864
si2-r01-m400.03 1 7 400 4301 4294
si2-r01-m400.02 1 7 400 72216 73474
si2-r01-m400.05 1 7 400 178513 179522
si2-r01-m400.06 1 7 400 54081 55072
si2-r01-m400.08 1 7 400 17897 18197
si4-m4D-m625.09 1 5 625 181 178
si4-m4D-m625.03 1 5 625 208 205
si4-m4D-m625.07 1 5 625 208 135
si4-m4D-m625.02 1 5 625 382 376
si4-m4D-m625.00 1 5 625 190 189
si4-m4D-m625.01 1 5 625 181 182
si4-m4D-m625.04 1 5 625 157 155
si4-m4D-m625.06 1 5 625 183 182
si4-m4D-m625.08 1 5 625 124 129
si4-m4D-m625.05 1 5 625 286 288
si6-m4Dr6-m256.05 1 6 256 39 40
si6-m4Dr6-m256.04 1 6 256 78 80
si6-m4Dr6-m256.03 1 6 256 37 37
si6-m4Dr6-m256.02 1 6 256 49 57
si6-m4Dr6-m256.08 1 6 256 41 40
si6-m4Dr6-m256.00 1 6 256 78 80
si6-m4Dr6-m256.09 1 6 256 59 60
si6-m4Dr6-m256.07 1 6 256 73 72
si6-m4Dr6-m256.06 1 6 256 75 57
si6-m4Dr6-m256.01 1 6 256 101 102
si6-b09-m400.07 1 3 400 303 304
si6-b09-m400.03 1 3 400 303 304
si6-b09-m400.04 1 3 400 304 305
si6-b09-m400.06 1 3 400 304 348
si6-b09-m400.05 1 3 400 320 313
si6-b09-m400.09 1 3 400 324 305
si6-b09-m400.02 1 3 400 375 305
si6-b09-m400.01 1 3 400 305 306
si6-b09-m400.08 1 3 400 304 304
si6-b09-m400.00 1 3 400 460 473
si6-b06-m400.03 1 3 400 160 161
si6-b06-m400.08 1 3 400 159 160
si6-b06-m400.07 1 3 400 159 179
si6-b06-m400.04 1 3 400 159 160
si6-b06-m400.05 1 3 400 173 172
si6-b06-m400.06 1 3 400 166 216
si6-b06-m400.02 1 3 400 159 160
si6-b06-m400.01 1 3 400 159 176
si6-b06-m400.00 1 3 400 159 160
si6-b06-m400.09 1 3 400 160 161
si6-b03m-m200.04 1 4 200 50 50
si6-b03m-m200.07 1 4 200 10 10
si6-b03m-m200.08 1 4 200 10 12
si6-b03m-m200.02 1 4 200 13 14
si6-b03m-m200.03 1 4 200 14 23
si6-b03m-m200.06 1 4 200 13 14
si6-b03m-m200.01 1 4 200 16 16
si6-b03m-m200.09 1 4 200 19 17
si6-b03m-m200.00 1 4 200 12 13
si6-b03m-m200.05 1 4 200 16 15
si4-b06-m800.04 1 3 800 451 417
si4-b06-m800.00 1 3 800 461 421
si4-b06-m800.08 1 3 800 419 418
si4-b06-m800.05 1 3 800 418 417
si4-b06-m800.03 1 3 800 418 417
si4-b06-m800.06 1 3 800 448 417
si4-b06-m800.07 1 3 800 437 560
si4-b06-m800.01 1 3 800 419 419
si4-b06-m800.02 1 3 800 420 422
si4-b06-m800.09 1 3 800 420 419
si6-b09m-m200.07 1 4 200 59 60
si6-b09m-m200.06 1 4 200 51 58
si6-b09m-m200.01 1 4 200 111 109
si6-b09m-m200.08 1 4 200 46 47
si6-b09m-m200.00 1 4 200 86 98
si6-b09m-m200.09 1 4 200 81 86
si6-b09m-m200.02 1 4 200 155 135
si6-b09m-m200.05 1 4 200 112 105
si6-b09m-m200.03 1 4 200 39 41
si6-b09m-m200.04 1 4 200 72 69
si4-b09m-m400.07 1 4 400 192 192
si4-b09m-m400.06 1 4 400 200 201
si4-b09m-m400.00 1 4 400 151 100
si4-b09m-m400.08 1 4 400 110 110
si4-b09m-m400.04 1 4 400 115 116
si4-b09m-m400.09 1 4 400 97 98
si4-b09m-m400.02 1 4 400 164 165
si4-b09m-m400.03 1 4 400 126 119
si4-b09m-m400.01 1 4 400 100 98
si4-b09m-m400.05 1 4 400 163 163
si6-m4Dr4-m1296.03 1 6 1296 1535 1593
si6-m4Dr4-m1296.06 1 6 1296 1653 1660
si6-m4Dr4-m1296.04 1 6 1296 1383 1402
si6-m4Dr4-m1296.01 1 6 1296 824 900
si6-m4Dr4-m1296.09 1 6 1296 1373 1404
si6-m4Dr4-m1296.02 1 6 1296 1050 1044
si6-m4Dr4-m1296.08 1 6 1296 879 881
si6-m4Dr4-m1296.05 1 6 1296 969 1059
si6-m4Dr4-m1296.07 1 6 1296 1782 2051
si6-m4Dr4-m1296.00 1 6 1296 776 779
si6-b06-m200.09 1 3 200 42 45
si6-b06-m200.03 1 3 200 42 48
si6-b06-m200.05 1 3 200 41 40
si6-b06-m200.00 1 3 200 39 45
si6-b06-m200.08 1 3 200 39 41
si6-b06-m200.02 1 3 200 41 40
si6-b06-m200.06 1 3 200 43 43
si6-b06-m200.04 1 3 200 39 40
si6-b06-m200.01 1 3 200 41 42
si6-b06-m200.07 1 3 200 39 57
si4-m4Dr6-m625.02 1 6 625 227 224
si4-m4Dr6-m625.06 1 6 625 313 325
si4-m4Dr6-m625.03 1 6 625 151 150
si4-m4Dr6-m625.07 1 6 625 177 174
si4-m4Dr6-m625.08 1 6 625 131 129
si4-m4Dr6-m625.09 1 6 625 149 149
si4-m4Dr6-m625.00 1 6 625 143 142
si4-m4Dr6-m625.01 1 6 625 142 140
si4-m4Dr6-m625.05 1 6 625 141 140
si4-m4Dr6-m625.04 1 6 625 259 246
si6-b06m-m200.09 1 4 200 56 37
si6-b06m-m200.02 1 4 200 17 17
si6-b06m-m200.05 1 4 200 44 29
si6-b06m-m200.00 1 4 200 30 30
si6-b06m-m200.07 1 4 200 77 79
si6-b06m-m200.04 1 4 200 29 29
si6-b06m-m200.08 1 4 200 31 29
si6-b06m-m200.06 1 4 200 15 16
si6-b06m-m200.03 1 4 200 52 51
si6-b06m-m200.01 1 4 200 55 56
si6-m4Dr4-m256.05 1 6 256 126 132
si6-m4Dr4-m256.03 1 6 256 135 131
si6-m4Dr4-m256.02 1 6 256 65 71
si6-m4Dr4-m256.01 1 6 256 58 59
si6-m4Dr4-m256.08 1 6 256 39 40
si6-m4Dr4-m256.09 1 6 256 58 37
si6-m4Dr4-m256.07 1 6 256 66 68
si6-m4Dr4-m256.06 1 6 256 65 66
si6-m4Dr4-m256.04 1 6 256 84 103
si6-m4Dr4-m256.00 1 6 256 66 69
si4-r001-m600.01 1 7 600 476 473
si4-r001-m600.08 1 7 600 497 540
si4-r001-m600.02 1 7 600 533 546
si4-r001-m600.07 1 7 600 464 472
si4-r001-m600.05 1 7 600 487 491
si4-r001-m600.06 1 7 600 519 792
si4-r001-m600.00 1 7 600 503 504
si4-r001-m600.04 1 7 600 441 591
si4-r001-m600.09 1 7 600 476 474
si4-r001-m600.03 1 7 600 466 464
si2-b09m-m200.08 1 4 200 55 53
si2-b09m-m200.06 1 4 200 21 21
si2-b09m-m200.03 1 4 200 42 29
si2-b09m-m200.09 1 4 200 14 14
si2-b09m-m200.04 1 4 200 46 33
si2-b09m-m200.00 1 4 200 50 51
si2-b09m-m200.01 1 4 200 21 21
si2-b09m-m200.05 1 4 200 15 15
si2-b09m-m200.07 1 4 200 25 25
si2-b09m-m200.02 1 4 200 25 25
si6-b03-m200.01 1 3 200 15 19
si6-b03-m200.03 1 3 200 15 15
si6-b03-m200.04 1 3 200 23 23
si6-b03-m200.08 1 3 200 22 18
si6-b03-m200.07 1 3 200 13 13
si6-b03-m200.09 1 3 200 13 14
si6-b03-m200.05 1 3 200 14 15
si6-b03-m200.02 1 3 200 13 14
si6-b03-m200.06 1 3 200 22 13
si6-b03-m200.00 1 3 200 13 13
si6-b09-m200.09 1 3 200 111 112
si6-b09-m200.06 1 3 200 74 76
si6-b09-m200.08 1 3 200 84 115
si6-b09-m200.03 1 3 200 95 89
si6-b09-m200.00 1 3 200 73 75
si6-b09-m200.02 1 3 200 117 90
si6-b09-m200.07 1 3 200 74 100
si6-b09-m200.04 1 3 200 116 76
si6-b09-m200.01 1 3 200 76 76
si6-b09-m200.05 1 3 200 74 82
g10-g11 0 2 42 1 1
g10-g12 0 2 48 1 1
g10-g13 0 2 49 2 2
g10-g14 0 2 50 1 1
g10-g15 0 2 50 4 6
g10-g16 0 2 53 16 16
g10-g20 1 2 64 9 12
g10-g21 1 2 64 77 81
g10-g22 0 2 67 19 19
g10-g23 0 2 73 311067 330485
g10-g25 0 2 75 1 1
g10-g26 0 2 80 1069450 1136407
g10-g27 1 2 86 3260544 3440473
g10-g28 0 2 97 1 1
g10-g29 1 2 100 15 12
g10-g30 1 2 100 12 17
g10-g31 1 2 100 13 14
g10-g32 1 2 100 606 605
g10-g33 0 2 101 5 7
g10-g37 0 2 120 14011 14242
g10-g38 0 2 121 3 3
g10-g40 1 2 121 185 185
g10-g41 0 2 128 6 6
g10-g42 0 2 128 27 20
g10-g43 1 2 128 389 383
g10-g44 1 2 128 32 26
g10-g45 1 2 128 26 22
g10-g46 1 2 128 3361 3474
g10-g47 1 2 128 3572 3806
g10-g48 1 2 128 174 181
g10-g49 1 2 128 284 405
g10-g50 1 2 128 147 147
g11-g12 0 2 48 2 2
g11-g13 0 2 49 2 2
g11-g14 0 2 50 1 1
g11-g15 0 2 50 3 3
g11-g16 0 2 53 4 2
g11-g20 1 2 64 251 258
g11-g21 1 2 64 79 83
g11-g22 0 2 67 3 2
g11-g23 0 2 73 8 12
g11-g25 0 2 75 3 3
g11-g26 0 2 80 7 7
g11-g27 0 2 86 75572 71785
g11-g28 0 2 97 1 1
g11-g29 0 2 100 3763 3976
g11-g30 0 2 100 3382 3589
g11-g31 0 2 100 23044 24422
g11-g32 1 2 100 606 607
g11-g33 0 2 101 4 4
g11-g37 0 2 120 11 11
g11-g38 0 2 121 5 5
g11-g40 1 2 121 189 187
g11-g41 0 2 128 5 3
g11-g42 0 2 128 8 8
g11-g43 1 2 128 100000000 100000000
g11-g44 0 2 128 16312 16993
g11-g45 0 2 128 17607 16784
g11-g46 0 2 128 94 97
g11-g47 0 2 128 93 95
g11-g48 0 2 128 207 214
g11-g49 0 2 128 4912244 4998968
g11-g50 1 2 128 152 158
g12-g20 0 2 64 27 27
g12-g21 1 2 64 81 81
g12-g23 0 2 73 4 4
g12-g26 0 2 80 4 5
g12-g27 0 2 86 7 6
g12-g29 0 2 100 29 19
g12-g30 0 2 100 19 19
g12-g31 0 2 100 36 33
g12-g32 1 2 100 610 612
g12-g38 0 2 121 3 3
g12-g40 1 2 121 262 261
g12-g43 0 2 128 19 20
g12-g44 0 2 128 37 52
g12-g45 0 2 128 33 37
g12-g46 0 2 128 13 13
g12-g47 0 2 128 18 19
g12-g48 0 2 128 17 17
g12-g50 1 2 128 153 153
g13-g15 1 2 50 5 5
g13-g20 0 2 64 115 118
g13-g21 1 2 64 81 81
g13-g23 0 2 73 8 8
g13-g25 0 2 75 1 1
g13-g26 0 2 80 7 7
g13-g27 0 2 86 171 137
g13-g29 0 2 100 18 18
g13-g30 0 2 100 18 18
g13-g31 0 2 100 22 23
g13-g32 1 2 100 613 631
g13-g38 0 2 121 2 2
g13-g40 1 2 121 192 192
g13-g43 1 2 128 7710186 2007594
g13-g44 0 2 128 34 36
g13-g45 0 2 128 34 35
g13-g46 0 2 128 18 18
g13-g47 0 2 128 18 18
g13-g48 0 2 128 19 20
g13-g49 0 2 128 36 37
g13-g50 1 2 128 154 155
g14-g15 0 2 50 2 3
g14-g20 0 2 64 868 662
g14-g21 1 2 64 80 96
g14-g23 0 2 73 5 5
g14-g25 0 2 75 1 1
g14-g26 0 2 80 12 12
g14-g27 1 2 86 55 53
g14-g29 0 2 100 17 17
g14-g30 0 2 100 17 17
g14-g31 0 2 100 20 20
g14-g32 1 2 100 608 605
g14-g38 0 2 121 3 3
g14-g40 1 2 121 190 190
g14-g43 1 2 128 21 21
g14-g44 0 2 128 31 34
g14-g45 0 2 128 30 31
g14-g46 0 2 128 17 20
g14-g47 0 2 128 17 17
g14-g48 0 2 128 26 25
g14-g49 1 2 128 16464 459
g14-g50 1 2 128 152 152
g15-g20 0 2 64 25 25
g15-g21 1 2 64 82 82
g15-g23 0 2 73 8 8
g15-g25 0 2 75 2 2
g15-g26 0 2 80 8 8
g15-g27 0 2 86 19 13
g15-g29 0 2 100 19 25
g15-g30 0 2 100 18 18
g15-g31 0 2 100 22 21
g15-g32 1 2 100 615 609
g15-g38 0 2 121 2 2
g15-g40 1 2 121 195 195
g15-g43 1 2 128 5903356 704968
g15-g44 0 2 128 40 34
g15-g45 0 2 128 34 34
g15-g46 0 2 128 16 16
g15-g47 0 2 128 22 22
g15-g48 0 2 128 20 20
g15-g49 0 2 128 48 48
g15-g50 1 2 128 183 186
g16-g20 0 2 64 582912 569627
g16-g21 1 2 64 84 85
g16-g22 0 2 67 3 2
g16-g23 0 2 73 12 12
g16-g25 0 2 75 2 2
g16-g26 0 2 80 10 16
g16-g27 0 2 86 21968 22944
g16-g28 0 2 97 1 1
g16-g29 0 2 100 59 61
g16-g30 0 2 100 87 60
g16-g31 0 2 100 119 188
g16-g32 1 2 100 616 615
g16-g33 0 2 101 4 3
g16-g37 1 2 120 32 36
g16-g38 0 2 121 2 2
g16-g40 1 2 121 214 213
g16-g43 -1 2 128 100000000 100000000
g16-g44 0 2 128 137 143
g16-g45 0 2 128 157 191
g16-g46 0 2 128 26 26
g16-g47 0 2 128 26 26
g16-g48 0 2 128 44 45
g16-g49 0 2 128 49327 50509
g16-g50 1 2 128 160 162
g17-g18 1 2 64 3 3
g17-g19 0 2 64 11 10
g17-g20 1 2 64 12 9
g17-g21 1 2 64 78 78
g17-g22 0 2 67 6 6
g17-g23 0 2 73 4 4
g17-g24 0 2 75 0 1
g17-g25 0 2 75 3 3
g17-g26 0 2 80 5 4
g17-g27 -1 2 86 100000000 100000000
g17-g28 0 2 97 1 1
g17-g29 1 2 100 12 12
g17-g30 1 2 100 17 13
g17-g31 1 2 100 20 20
g17-g32 1 2 100 611 605
g17-g33 0 2 101 51 59
g17-g34 0 2 120 4 4
g17-g35 0 2 120 12 16
g17-g36 0 2 120 10 15
g17-g37 1 2 120 7475 7898
g17-g38 0 2 121 5 5
g17-g39 1 2 121 8 10
g17-g40 1 2 121 186 185
g17-g41 0 2 128 101 106
g17-g42 0 2 128 4098 4158
g17-g43 1 2 128 100000000 100000000
g17-g44 1 2 128 25 30
g17-g45 1 2 128 27 34
g17-g46 1 2 128 14 17
g17-g47 1 2 128 21 21
g17-g48 1 2 128 15 15
g17-g49 1 2 128 23 15
g17-g50 1 2 128 148 147
g18-g19 0 2 64 5 4
g18-g20 1 2 64 4382 4888
g18-g21 1 2 64 79 79
g18-g22 0 2 67 7 7
g18-g23 0 2 73 5 5
g18-g24 0 2 75 1 1
g18-g25 0 2 75 3 3
g18-g26 0 2 80 7 7
g18-g27 0 2 86 9 7
g18-g28 0 2 97 1 1
g18-g29 1 2 100 59 64
g18-g30 1 2 100 41 30
g18-g31 1 2 100 29 36
g18-g32 1 2 100 614 606
g18-g33 0 2 101 50 50
g18-g34 0 2 120 3 3
g18-g35 0 2 120 12 14
g18-g36 0 2 120 6 5
g18-g37 0 2 120 55800 58734
g18-g38 0 2 121 5 5
g18-g39 0 2 121 19 19
g18-g40 1 2 121 187 188
g18-g41 0 2 128 162 170
g18-g42 0 2 128 372 583
g18-g43 -1 2 128 100000000 100000000
g18-g44 1 2 128 3073824 3165826
g18-g45 1 2 128 100000000 100000000
g18-g46 -1 2 128 100000000 100000000
g18-g47 -1 2 128 100000000 100000000
g18-g48 1 2 128 100000000 100000000
g18-g49 -1 2 128 100000000 100000000
g18-g50 1 2 128 149 150
g19-g20 1 2 64 100000000 100000000
g19-g21 1 2 64 83 83
g19-g22 0 2 67 2 2
g19-g23 0 2 73 10 9
g19-g25 0 2 75 2 2
g19-g26 0 2 80 6 6
g19-g27 0 2 86 431630 450377
g19-g28 0 2 97 1 1
g19-g29 0 2 100 15826870 16592258
g19-g30 0 2 100 12351972 12992059
g19-g31 -1 2 100 100000000 100000000
g19-g32 1 2 100 618 638
g19-g33 0 2 101 3 3
g19-g35 0 2 120 2 4
g19-g37 0 2 120 50 50
g19-g38 0 2 121 2 2
g19-g40 1 2 121 195 195
g19-g41 0 2 128 5 5
g19-g42 0 2 128 12 13
g19-g43 0 2 128 6049219 6213344
g19-g44 0 2 128 100000000 100000000
g19-g45 0 2 128 100000000 100000000
g19-g46 0 2 128 11400 11754
g19-g47 0 2 128 11140 11511
g19-g48 0 2 128 46360 47559
g19-g49 0 2 128 73786 75094
g19-g50 1 2 128 190 157
g2-g10 1 2 41 1 1
g2-g11 1 2 42 1 1
g2-g12 1 2 48 1 1
g2-g13 1 2 49 1 1
g2-g14 1 2 50 1 1
g2-g15 1 2 50 2 2
g2-g16 1 2 53 2 2
g2-g17 1 2 64 0 0
g2-g18 1 2 64 1 1
g2-g19 1 2 64 1 1
g2-g20 1 2 64 6 6
g2-g21 1 2 64 74 74
g2-g22 1 2 67 1 1
g2-g23 1 2 73 3 4
g2-g24 0 2 75 1 2
g2-g25 1 2 75 1 1
g2-g26 1 2 80 4 4
g2-g27 1 2 86 7 7
g2-g28 1 2 97 2 2
g2-g29 1 2 100 7 7
g2-g3 0 2 10 0 0
g2-g30 1 2 100 7 8
g2-g31 1 2 100 11 10
g2-g32 1 2 100 602 596
g2-g33 1 2 101 2 3
g2-g34 1 2 120 1 1
g2-g35 1 2 120 2 3
g2-g36 1 2 120 2 2
g2-g37 1 2 120 5 6
g2-g38 1 2 121 2 2
g2-g39 1 2 121 2 2
g2-g4 1 2 10 0 0
g2-g40 1 2 121 183 183
g2-g41 1 2 128 3 3
g2-g42 1 2 128 3 3
g2-g43 1 2 128 10 9
g2-g44 1 2 128 12 12
g2-g45 1 2 128 16 15
g2-g46 1 2 128 7 7
g2-g47 1 2 128 9 7
g2-g48 1 2 128 10 11
g2-g49 1 2 128 10 11
g2-g5 1 2 11 0 0
g2-g50 1 2 128 142 141
g2-g6 1 2 19 0 0
g2-g7 1 2 20 0 0
g2-g8 1 2 30 0 0
g2-g9 1 2 37 0 0
g20-g21 1 2 64 136 139
g20-g23 0 2 73 7 8
g20-g26 0 2 80 7 7
g20-g27 0 2 86 9 9
g20-g29 0 2 100 13 13
g20-g30 0 2 100 13 13
g20-g31 0 2 100 16 16
g20-g32 1 2 100 647 645
g20-g38 0 2 121 9 9
g20-g40 -1 2 121 100000000 100000000
g20-g43 0 2 128 12 12
g20-g44 0 2 128 14 14
g20-g45 0 2 128 14 15
g20-g48 0 2 128 13 13
g20-g50 -1 2 128 100000000 100000000
g21-g27 0 2 86 79 78
g21-g32 1 2 100 763 766
g21-g40 0 2 121 272 280
g21-g50 0 2 128 216 266
g22-g23 0 2 73 7 7
g22-g25 0 2 75 3 3
g22-g26 0 2 80 6 6
g22-g27 0 2 86 28 36
g22-g28 0 2 97 2 1
g22-g29 0 2 100 38 38
g22-g30 0 2 100 25 24
g22-g31 0 2 100 28 29
g22-g32 1 2 100 615 613
g22-g33 0 2 101 6 6
g22-g37 1 2 120 18 18
g22-g38 0 2 121 3 3
g22-g40 1 2 121 197 196
g22-g43 -1 2 128 100000000 100000000
g22-g44 0 2 128 46 47
g22-g45 0 2 128 45 45
g22-g46 0 2 128 25 25
g22-g47 0 2 128 25 25
g22-g48 0 2 128 26 27
g22-g49 0 2 128 100000000 100000000
g22-g50 1 2 128 158 166
g23-g27 0 2 86 21 21
g23-g32 1 2 100 631 632
g23-g40 1 2 121 3402077 61582
g23-g50 1 2 128 173 173
g24-g25 0 2 75 1 2
g24-g26 1 2 80 5 5
g24-g27 1 2 86 5 7
g24-g28 0 2 97 3 2
g24-g29 0 2 100 100000000 5884
g24-g30 0 2 100 100000000 6866
g24-g31 0 2 100 100000000 52919
g24-g32 1 2 100 606 606
g24-g33 0 2 101 4 3
g24-g35 0 2 120 4 5
g24-g36 0 2 120 4 5
g24-g37 1 2 120 9 9
g24-g38 0 2 121 5 5
g24-g39 0 2 121 4 3
g24-g40 1 2 121 185 183
g24-g41 0 2 128 3 3
g24-g42 1 2 128 5 5
g24-g43 1 2 128 19 13
g24-g44 0 2 128 22 22
g24-g45 0 2 128 24 24
g24-g46 0 2 128 11 10
g24-g47 0 2 128 11 10
g24-g48 0 2 128 100000000 95
g24-g49 1 2 128 12 11
g24-g50 1 2 128 143 144
g25-g26 1 2 80 9 6
g25-g27 0 2 86 521 362
g25-g29 0 2 100 14 15
g25-g30 0 2 100 17 17
g25-g31 0 2 100 16 16
g25-g32 1 2 100 604 603
g25-g38 0 2 121 5 3
g25-g40 1 2 121 188 187
g25-g43 1 2 128 267 207
g25-g44 0 2 128 24 23
g25-g45 0 2 128 23 23
g25-g46 0 2 128 12 12
g25-g47 0 2 128 12 12
g25-g48 0 2 128 21 21
g25-g49 1 2 128 22 15
g25-g50 1 2 128 148 148
g26-g27 0 2 86 15 16
g26-g32 1 2 100 633 665
g26-g40 1 2 121 388 219
g26-g50 1 2 128 176 181
g27-g32 1 2 100 659 650
g27-g50 1 2 128 351 352
g28-g29 1 2 100 12 12
g28-g30 1 2 100 12 12
g28-g31 1 2 100 13 13
g28-g32 1 2 100 606 604
g28-g33 0 2 101 5 3
g28-g37 1 2 120 100000000 100000000
g28-g38 0 2 121 2 2
g28-g40 1 2 121 188 190
g28-g43 1 2 128 100000000 100000000
g28-g44 1 2 128 21 21
g28-g45 1 2 128 22 22
g28-g46 1 2 128 18 18
g28-g47 1 2 128 1106 20
g28-g48 1 2 128 19 19
g28-g49 1 2 128 100000000 100000000
g28-g50 1 2 128 146 147
g29-g30 0 2 100 17 17
g29-g31 1 2 100 54 53
g29-g32 1 2 100 695 687
g29-g40 -1 2 121 100000000 100000000
g29-g44 0 2 128 20 20
g29-g45 0 2 128 19 19
g29-g50 0 2 128 222 221
g3-g10 0 2 41 5 5
g3-g11 0 2 42 1 1
g3-g12 0 2 48 1 1
g3-g13 1 2 49 2 2
g3-g14 1 2 50 2 2
g3-g15 1 2 50 2 2
g3-g16 1 2 53 3 3
g3-g17 0 2 64 1 1
g3-g18 0 2 64 0 0
g3-g19 0 2 64 2 2
g3-g20 1 2 64 6 6
g3-g21 1 2 64 74 75
g3-g22 1 2 67 2 3
g3-g23 1 2 73 4 3
g3-g24 0 2 75 0 1
g3-g25 1 2 75 1 1
g3-g26 1 2 80 5 5
g3-g27 1 2 86 5 6
g3-g28 0 2 97 0 1
g3-g29 1 2 100 8 9
g3-g30 1 2 100 10 11
g3-g31 1 2 100 11 12
g3-g32 1 2 100 623 622
g3-g33 0 2 101 7 7
g3-g34 0 2 120 1 1
g3-g35 1 2 120 5 6
g3-g36 0 2 120 4 4
g3-g37 1 2 120 5 5
g3-g38 0 2 121 2 2
g3-g39 0 2 121 6 7
g3-g4 1 2 10 0 0
g3-g40 1 2 121 188 180
g3-g41 0 2 128 14 15
g3-g42 1 2 128 7 5
g3-g43 1 2 128 21 21
g3-g44 1 2 128 17 12
g3-g45 1 2 128 17 18
g3-g46 1 2 128 9 10
g3-g47 1 2 128 10 10
g3-g48 1 2 128 8 8
g3-g49 1 2 128 8 8
g3-g5 0 2 11 0 0
g3-g50 1 2 128 141 143
g3-g6 0 2 19 0 0
g3-g7 0 2 20 0 0
g3-g8 0 2 30 1 1
g3-g9 0 2 37 1 1
g30-g31 0 2 100 51 51
g30-g32 0 2 100 693 696
g30-g40 0 2 121 276 276
g30-g44 0 2 128 19 19
g30-g45 0 2 128 19 25
g30-g50 0 2 128 214 216
g31-g32 1 2 100 698 692
g31-g40 -1 2 121 100000000 100000000
g31-g50 0 2 128 181 181
g33-g37 0 2 120 76 76
g33-g38 0 2 121 4 5
g33-g40 1 2 121 208 209
g33-g43 0 2 128 24 24
g33-g44 0 2 128 50538 48722
g33-g45 0 2 128 45161 43665
g33-g46 0 2 128 46 45
g33-g47 0 2 128 46 47
g33-g48 0 2 128 94 85
g33-g49 0 2 128 1699090 1705280
g33-g50 1 2 128 100000000 100000000
g34-g35 0 2 120 19 12
g34-g36 0 2 120 17 17
g34-g37 0 2 120 1195356 1239950
g34-g38 0 2 121 9 9
g34-g39 0 2 121 16 18
g34-g40 1 2 121 195 195
g34-g41 0 2 128 34 36
g34-g42 0 2 128 189 189
g34-g43 0 2 128 19 19
g34-g44 0 2 128 33 23
g34-g45 0 2 128 22 22
g34-g46 -1 2 128 100000000 100000000
g34-g47 -1 2 128 100000000 100000000
g34-g48 -1 2 128 100000000 100000000
g34-g49 -1 2 128 100000000 100000000
g34-g50 -1 2 128 100000000 100000000
g35-g37 1 2 120 1343 1355
g35-g38 0 2 121 6 7
g35-g40 1 2 121 94959372 99239506
g35-g41 0 2 128 10 10
g35-g42 0 2 128 9 8
g35-g43 0 2 128 34 24
g35-g44 0 2 128 31 31
g35-g45 0 2 128 30 30
g35-g46 0 2 128 35 35
g35-g47 0 2 128 52 36
g35-g48 0 2 128 37 42
g35-g49 0 2 128 100000000 100000000
g35-g50 1 2 128 2116 2016
g36-g37 1 2 120 587 466
g36-g38 0 2 121 4 5
g36-g40 1 2 121 327 335
g36-g41 0 2 128 16 16
g36-g42 0 2 128 7 10
g36-g43 0 2 128 19 19
g36-g44 0 2 128 36 53
g36-g45 0 2 128 36 37
g36-g46 0 2 128 55 56
g36-g47 0 2 128 56 56
g36-g48 0 2 128 88 91
g36-g49 0 2 128 31 31
g36-g50 -1 2 128 100000000 100000000
g37-g38 0 2 121 6 6
g37-g40 1 2 121 2449505 2364634
g37-g43 0 2 128 17 17
g37-g44 0 2 128 63 68
g37-g45 0 2 128 63 64
g37-g46 0 2 128 81 81
g37-g47 0 2 128 118 122
g37-g48 0 2 128 91 91
g37-g49 0 2 128 21 21
g37-g50 -1 2 128 100000000 100000000
g38-g40 1 2 121 100000000 942154
g38-g43 0 2 128 12 12
g38-g44 0 2 128 31 31
g38-g45 0 2 128 32 32
g38-g50 1 2 128 158 159
g39-g40 1 2 121 565091 615272
g39-g41 0 2 128 11 11
g39-g42 0 2 128 19 19
g39-g43 0 2 128 37 38
g39-g44 0 2 128 35 46
g39-g45 0 2 128 30 37
g39-g46 0 2 128 61 62
g39-g47 0 2 128 98 101
g39-g48 0 2 128 109 140
g39-g49 -1 2 128 100000000 100000000
g39-g50 1 2 128 100000000 100000000
g4-g10 0 2 41 0 0
g4-g11 0 2 42 0 0
g4-g12 0 2 48 1 1
g4-g13 0 2 49 1 1
g4-g14 0 2 50 1 0
g4-g15 1 2 50 1 2
g4-g16 0 2 53 1 1
g4-g20 0 2 64 14 14
g4-g21 1 2 64 81 82
g4-g22 0 2 67 1 1
g4-g23 1 2 73 4 6
g4-g25 1 2 75 1 1
g4-g26 1 2 80 6 6
g4-g27 1 2 86 7 6
g4-g28 0 2 97 0 0
g4-g29 0 2 100 9 9
g4-g30 0 2 100 12 12
g4-g31 0 2 100 11 11
g4-g32 1 2 100 608 601
g4-g33 0 2 101 2 2
g4-g37 0 2 120 11 12
g4-g38 0 2 121 1 1
g4-g40 1 2 121 209 204
g4-g41 0 2 128 3 3
g4-g42 0 2 128 6 6
g4-g43 1 2 128 23 24
g4-g44 0 2 128 18 18
g4-g45 0 2 128 18 18
g4-g46 0 2 128 19 18
g4-g47 0 2 128 13 14
g4-g48 0 2 128 16 15
g4-g49 1 2 128 34 35
g4-g5 0 2 11 0 0
g4-g50 1 2 128 142 142
g4-g6 0 2 19 0 0
g4-g7 0 2 20 0 0
g4-g9 0 2 37 0 0
g40-g50 0 2 128 302 304
g41-g42 0 2 128 8 11
g41-g43 0 2 128 30 30
g41-g44 0 2 128 52 55
g41-g45 0 2 128 41 41
g41-g46 0 2 128 65 65
g41-g47 0 2 128 67 67
g41-g48 0 2 128 157 161
g41-g49 0 2 128 100000000 100000000
g41-g50 -1 2 128 100000000 100000000
g42-g43 0 2 128 43 45
g42-g44 0 2 128 54 56
g42-g45 0 2 128 38 38
g42-g46 0 2 128 45 45
g42-g47 0 2 128 46 45
g42-g48 0 2 128 49 49
g42-g49 -1 2 128 100000000 100000000
g42-g50 -1 2 128 100000000 100000000
g43-g44 0 2 128 33 48
g43-g45 0 2 128 47 48
g43-g50 -1 2 128 100000000 100000000
g44-g45 0 2 128 20 19
g44-g50 0 2 128 171 172
g45-g50 0 2 128 170 171
g46-g47 0 2 128 25 22
g46-g48 1 2 128 65 90
g46-g50 0 2 128 179 180
g47-g48 0 2 128 73 78
g47-g50 0 2 128 153 153
g48-g50 0 2 128 154 182
g49-g50 -1 2 128 100000000 100000000
g5-g11 0 2 42 0 0
g5-g12 0 2 48 0 1
g5-g13 1 2 49 2 2
g5-g14 1 2 50 3 2
g5-g15 1 2 50 2 2
g5-g16 0 2 53 4 3
g5-g20 1 2 64 7 8
g5-g21 1 2 64 75 81
g5-g22 1 2 67 4 4
g5-g23 1 2 73 3 4
g5-g25 1 2 75 1 1
g5-g26 1 2 80 5 5
g5-g27 1 2 86 8 9
g5-g28 0 2 97 0 1
g5-g29 1 2 100 8 8
g5-g30 1 2 100 8 8
g5-g31 1 2 100 10 10
g5-g32 1 2 100 602 599
g5-g33 0 2 101 5 3
g5-g37 1 2 120 5 5
g5-g38 0 2 121 2 2
g5-g40 1 2 121 184 184
g5-g41 1 2 128 10 9
g5-g42 1 2 128 16 17
g5-g43 1 2 128 19 15
g5-g44 1 2 128 15 13
g5-g45 1 2 128 13 13
g5-g46 1 2 128 11 11
g5-g47 1 2 128 12 13
g5-g48 1 2 128 9 9
g5-g49 1 2 128 9 9
g5-g50 1 2 128 141 142
g5-g6 0 2 19 0 0
g5-g7 0 2 20 0 0
g6-g11 0 2 42 3 3
g6-g12 0 2 48 1 1
g6-g13 1 2 49 8 4
g6-g14 1 2 50 4 4
g6-g15 1 2 50 11 11
g6-g16 1 2 53 2 2
g6-g20 1 2 64 9 7
g6-g21 1 2 64 75 76
g6-g22 0 2 67 1 1
g6-g23 1 2 73 7 7
g6-g25 1 2 75 139 205
g6-g26 1 2 80 4 4
g6-g27 1 2 86 4 4
g6-g28 0 2 97 0 0
g6-g29 1 2 100 9 9
g6-g30 1 2 100 9 9
g6-g31 1 2 100 13 10
g6-g32 1 2 100 605 598
g6-g33 0 2 101 3 3
g6-g37 1 2 120 9 6
g6-g38 0 2 121 3 3
g6-g40 1 2 121 182 182
g6-g41 0 2 128 4 4
g6-g42 0 2 128 7 7
g6-g43 1 2 128 16 16
g6-g44 1 2 128 17 17
g6-g45 1 2 128 15 15
g6-g46 1 2 128 9 10
g6-g47 1 2 128 9 9
g6-g48 1 2 128 10 10
g6-g49 1 2 128 10 10
g6-g50 1 2 128 143 145
g6-g7 0 2 20 0 0
g7-g11 0 2 42 0 0
g7-g12 0 2 48 1 1
g7-g13 0 2 49 1 0
g7-g14 0 2 50 1 0
g7-g15 0 2 50 0 0
g7-g16 0 2 53 1 1
g7-g20 0 2 64 192 224
g7-g21 1 2 64 77 76
g7-g22 0 2 67 1 1
g7-g23 0 2 73 2 2
g7-g25 0 2 75 1 1
g7-g26 0 2 80 2 3
g7-g27 0 2 86 4 4
g7-g28 0 2 97 0 1
g7-g29 0 2 100 29 30
g7-g30 0 2 100 29 51
g7-g31 0 2 100 42 43
g7-g32 1 2 100 618 619
g7-g33 0 2 101 2 2
g7-g37 0 2 120 9 13
g7-g38 1 2 121 4 5
g7-g40 1 2 121 229 232
g7-g41 0 2 128 2 2
g7-g42 0 2 128 3 3
g7-g43 0 2 128 78839621 83224514
g7-g44 0 2 128 38 42
g7-g45 0 2 128 42 44
g7-g46 0 2 128 25 25
g7-g47 0 2 128 25 25
g7-g48 0 2 128 49 32
g7-g49 0 2 128 20093 21154
g7-g50 1 2 128 144 145
g8-g10 0 2 41 1 1
g8-g11 0 2 42 1 1
g8-g12 0 2 48 1 1
g8-g13 0 2 49 19 16
g8-g14 0 2 50 4 4
g8-g15 0 2 50 1031 1080
g8-g16 1 2 53 3 3
g8-g19 0 2 64 1 1
g8-g20 1 2 64 9 8
g8-g21 1 2 64 83 78
g8-g22 0 2 67 6 5
g8-g23 0 2 73 2559 1876
g8-g25 0 2 75 1 1
g8-g26 0 2 80 1469 1548
g8-g27 1 2 86 135 114
g8-g28 0 2 97 0 0
g8-g29 1 2 100 14 14
g8-g30 1 2 100 29 30
g8-g31 1 2 100 20 19
g8-g32 1 2 100 607 611
g8-g33 0 2 101 4 4
g8-g35 0 2 120 8 8
g8-g36 0 2 120 8 13
g8-g37 1 2 120 17 18
g8-g38 0 2 121 3 3
g8-g40 1 2 121 184 190
g8-g41 0 2 128 6 4
g8-g42 0 2 128 9 10
g8-g43 1 2 128 15 15
g8-g44 1 2 128 19 20
g8-g45 1 2 128 19 20
g8-g46 0 2 128 448 465
g8-g47 0 2 128 442 456
g8-g48 0 2 128 5704 6026
g8-g49 1 2 128 17 17
g8-g50 1 2 128 145 146
g8-g9 0 2 37 0 0
g9-g10 0 2 41 0 0
g9-g11 0 2 42 1 2
g9-g12 0 2 48 2 2
g9-g13 0 2 49 4 4
g9-g14 0 2 50 2 3
g9-g15 0 2 50 21465 17795
g9-g16 0 2 53 4 4
g9-g20 1 2 64 8 8
g9-g21 1 2 64 77 77
g9-g22 0 2 67 3 3
g9-g23 1 2 73 14 6
g9-g25 0 2 75 1 1
g9-g26 1 2 80 9 9
g9-g27 1 2 86 85 68
g9-g28 0 2 97 1 1
g9-g29 0 2 100 100000000 246
g9-g30 0 2 100 100000000 375
g9-g31 0 2 100 100000000 1713
g9-g32 1 2 100 606 599
g9-g33 0 2 101 4 4
g9-g37 0 2 120 12 13
g9-g38 0 2 121 4 5
g9-g40 1 2 121 186 184
g9-g41 0 2 128 6 6
g9-g42 0 2 128 6 7
g9-g43 1 2 128 15 15
g9-g44 0 2 128 100000000 10435
g9-g45 0 2 128 100000000 9918
g9-g46 0 2 128 17 17
g9-g47 0 2 128 12 12
g9-g48 0 2 128 14 15
g9-g49 1 2 128 12 12
g9-g50 1 2 128 168 150
images-CVIU11-1-119 0 8 5376 3304 4236
images-CVIU11-1-131 0 8 2645 746 833
images-CVIU11-1-50 0 8 5306 3259 3676
images-CVIU11-1-81 0 8 3455 2235 2294
images-CVIU11-10-110 0 8 2666 1469 1490
images-CVIU11-10-139 0 8 2051 454 464
images-CVIU11-10-20 0 8 4682 3538 3643
images-CVIU11-10-50 0 8 5306 3066 3123
images-CVIU11-10-58 0 8 2365 738 749
images-CVIU11-10-60 0 8 3476 2406 2437
images-CVIU11-10-93 0 8 3915 1763 1785
images-CVIU11-11-4 0 8 4104 12225 12367
images-CVIU11-11-72 0 8 4314 15922 15958
images-CVIU11-11-8 0 8 3501 5949 5921
images-CVIU11-12-115 0 8 3615 2656 2667
images-CVIU11-12-137 0 8 1765 202 205
images-CVIU11-12-141 0 8 2036 369 373
images-CVIU11-12-4 0 8 4104 2988 3034
images-CVIU11-13-11 0 8 2362 1686 1635
images-CVIU11-13-118 0 8 3502 1915 1922
images-CVIU11-13-128 0 8 4476 2091 2122
images-CVIU11-13-13 0 8 3947 2769 2790
images-CVIU11-13-30 0 8 4854 5232 5306
images-CVIU11-13-46 0 8 3794 2969 2990
images-CVIU11-13-7 0 8 4754 2875 2914
images-CVIU11-14-106 0 8 3615 1930 1961
images-CVIU11-14-146 0 8 4549 2905 2985
images-CVIU11-14-16 0 8 2185 2019 2053
images-CVIU11-14-31 0 8 4105 4225 4349
images-CVIU11-14-63 0 8 4373 3707 3810
images-CVIU11-14-96 0 8 2944 2537 2570
images-CVIU11-15-146 0 8 4549 12399 12450
images-CVIU11-16-143 0 8 2450 722 824
images-CVIU11-16-37 0 8 5352 2713 2940
images-CVIU11-16-55 0 8 2607 939 656
images-CVIU11-17-107 0 8 3132 2333 2359
images-CVIU11-17-14 0 8 1845 432 457
images-CVIU11-17-82 0 8 4058 2518 2630
images-CVIU11-18-137 0 8 1765 394 381
images-CVIU11-18-139 0 8 2051 1223 1343
images-CVIU11-18-27 0 8 3551 3164 3185
images-CVIU11-18-33 0 8 5714 9443 9928
images-CVIU11-18-82 0 8 4058 2111 2099
images-CVIU11-18-85 0 8 4680 2021 1833
images-CVIU11-19-129 0 8 1751 1181 1216
images-CVIU11-19-131 0 8 2645 4312 4388
images-CVIU11-2-24 0 8 1478 1378 1541
images-CVIU11-2-33 0 8 5714 8292 8729
images-CVIU11-2-50 0 8 5306 7172 7379
images-CVIU11-2-54 0 8 2754 2188 2222
images-CVIU11-2-60 0 8 3476 5306 5162
images-CVIU11-2-63 0 8 4373 7021 7143
images-CVIU11-2-79 0 8 2319 1933 1967
images-CVIU11-20-134 0 8 3182 3794 3784
images-CVIU11-20-31 0 8 4105 10622 10676
images-CVIU11-20-46 0 8 3794 7203 7201
images-CVIU11-20-72 0 8 4314 16330 15104
images-CVIU11-20-88 0 8 4497 12648 12453
images-CVIU11-21-102 0 8 2626 4443 4449
images-CVIU11-21-119 0 8 5376 21625 24884
images-CVIU11-21-9 0 8 3426 3928 3965
images-CVIU11-22-100 0 8 1764 320 331
images-CVIU11-22-107 0 8 3132 888 926
images-CVIU11-22-110 0 8 2666 1430 1470
images-CVIU11-22-118 0 8 3502 1942 1731
images-CVIU11-22-12 0 8 3974 2375 2164
images-CVIU11-23-113 0 8 2877 6224 6086
images-CVIU11-23-143 0 8 2450 2968 3072
images-CVIU11-23-48 0 8 2867 4404 3786
images-CVIU11-24-113 0 8 2877 2997 3240
images-CVIU11-24-49 0 8 3737 4611 4112
images-CVIU11-24-5 0 8 5182 7278 6741
images-CVIU11-24-77 0 8 5732 16931 12733
images-CVIU11-25-139 0 8 2051 1143 1186
images-CVIU11-25-61 0 8 4779 7610 7663
images-CVIU11-25-66 0 8 2657 1771 2744
images-CVIU11-25-70 0 8 5232 4748 4821
images-CVIU11-25-77 0 8 5732 10581 9607
images-CVIU11-25-97 0 8 2930 3642 3669
images-CVIU11-26-106 0 8 3615 6966 7037
images-CVIU11-26-129 1 8 1751 3138 3153
images-CVIU11-26-138 0 8 5530 24240 24081
images-CVIU11-26-15 0 8 1385 2387 2367
images-CVIU11-26-57 0 8 5944 40626 41388
images-CVIU11-26-70 0 8 5232 34352 34137
images-CVIU11-26-71 0 8 4700 22879 23808
images-CVIU11-26-75 0 8 5528 33927 34132
images-CVIU11-26-77 0 8 5732 26698 26910
images-CVIU11-26-78 0 8 5489 21469 21570
images-CVIU11-27-125 0 8 4490 713 733
images-CVIU11-27-137 0 8 1765 139 164
images-CVIU11-27-144 0 8 3449 2169 2205
images-CVIU11-27-17 0 8 4361 3334 3398
images-CVIU11-27-36 0 8 3115 1829 1858
images-CVIU11-28-130 0 8 1721 1566 1580
images-CVIU11-28-135 0 8 2888 7338 7391
images-CVIU11-28-99 0 8 4377 10150 10264
images-CVIU11-29-107 0 8 3132 1822 1774
images-CVIU11-29-112 0 8 2526 757 755
images-CVIU11-29-114 0 8 2124 552 548
images-CVIU11-29-116 0 8 5710 5320 5106
images-CVIU11-29-12 0 8 3974 3186 3221
images-CVIU11-29-21 0 8 3875 2051 2086
images-CVIU11-29-3 0 8 4501 2907 2835
images-CVIU11-29-39 0 8 3218 1429 1420
images-CVIU11-29-75 0 8 5528 4165 4129
images-CVIU11-29-76 1 8 5763 6145 5892
images-CVIU11-29-79 0 8 2319 1135 1162
images-CVIU11-29-8 0 8 3501 3287 3371
images-CVIU11-29-82 0 8 4058 2940 2921
images-CVIU11-3-106 0 8 3615 1738 2091
images-CVIU11-3-138 0 8 5530 4533 4606
images-CVIU11-3-37 0 8 5352 6295 6421
images-CVIU11-3-48 0 8 2867 2604 2635
images-CVIU11-3-56 0 8 2308 768 777
images-CVIU11-3-74 0 8 5448 11294 11435
images-CVIU11-30-1 0 8 4212 3414 3374
images-CVIU11-30-11 0 8 2362 1263 1330
images-CVIU11-30-115 0 8 3615 2397 2413
images-CVIU11-30-12 0 8 3974 2040 2418
images-CVIU11-30-42 0 8 3834 2977 2673
images-CVIU11-30-66 0 8 2657 627 634
images-CVIU11-31-105 0 8 4159 2817 2839
images-CVIU11-31-109 0 8 4342 3818 3674
images-CVIU11-31-26 0 8 2123 786 834
images-CVIU11-31-31 0 8 4105 1870 1849
images-CVIU11-31-39 0 8 3218 3008 3042
images-CVIU11-33-109 0 8 4342 2280 2197
images-CVIU11-33-59 0 8 4838 2768 2706
images-CVIU11-33-71 0 8 4700 3159 3395
images-CVIU11-33-86 0 8 3696 1585 1609
images-CVIU11-33-88 0 8 4497 3240 3229
images-CVIU11-33-93 0 8 3915 2739 2092
images-CVIU11-34-106 0 8 3615 2992 3048
images-CVIU11-34-135 0 8 2888 1695 1329
images-CVIU11-34-88 0 8 4497 6119 5366
images-CVIU11-34-9 0 8 3426 1609 1608
images-CVIU11-35-141 0 8 2036 529 346
images-CVIU11-35-68 0 8 5540 4198 4147
images-CVIU11-36-11 0 8 2362 1903 1928
images-CVIU11-36-112 0 8 2526 1636 1674
images-CVIU11-36-140 0 8 2299 1423 1666
images-CVIU11-37-140 0 8 2299 2693 2941
images-CVIU11-37-146 0 8 4549 4903 5070
images-CVIU11-37-41 0 8 3632 7460 8752
images-CVIU11-37-54 0 8 2754 2891 2865
images-CVIU11-37-70 0 8 5232 5599 6294
images-CVIU11-37-84 0 8 1072 341 342
images-CVIU11-38-1 0 8 4212 3416 3587
images-CVIU11-38-10 0 8 3506 3890 4221
images-CVIU11-38-131 0 8 2645 1784 1819
images-CVIU11-38-23 0 8 4264 3524 3702
images-CVIU11-38-71 0 8 4700 4175 4294
images-CVIU11-38-78 0 8 5489 3284 3378
images-CVIU11-39-107 0 8 3132 2812 1990
images-CVIU11-39-114 0 8 2124 900 950
images-CVIU11-39-37 0 8 5352 10573 11225
images-CVIU11-39-68 0 8 5540 7793 7878
images-CVIU11-39-80 0 8 2734 1748 1828
images-CVIU11-4-42 0 8 3834 3123 3186
images-CVIU11-4-50 0 8 5306 2501 2595
images-CVIU11-40-126 0 8 1342 1045 1067
images-CVIU11-40-136 0 8 3109 7494 5826
images-CVIU11-40-139 0 8 2051 1231 1248
images-CVIU11-40-23 0 8 4264 7277 7366
images-CVIU11-40-46 0 8 3794 4007 4040
images-CVIU11-40-8 0 8 3501 7761 6994
images-CVIU11-41-113 0 8 2877 3501 3866
images-CVIU11-41-4 0 8 4104 6438 6892
images-CVIU11-41-86 0 8 3696 2893 3557
images-CVIU11-41-88 0 8 4497 8701 8758
images-CVIU11-42-112 0 8 2526 4134 2748
images-CVIU11-42-122 0 8 3315 2497 3322
images-CVIU11-42-53 0 8 2639 1037 1055
images-CVIU11-42-68 0 8 5540 3288 3270
images-CVIU11-42-78 0 8 5489 3293 3201
images-CVIU11-42-80 0 8 2734 1101 1125
images-CVIU11-42-88 0 8 4497 4036 3757
images-CVIU11-43-112 0 8 2526 801 611
images-CVIU11-43-65 0 8 3468 1111 1364
images-CVIU11-43-76 0 8 5763 2674 2701
images-CVIU11-44-119 0 8 5376 12032 12731
images-CVIU11-44-20 0 8 4682 3569 3701
images-CVIU11-44-84 0 8 1072 296 293
images-CVIU11-44-98 0 8 2005 931 936
images-CVIU11-5-134 0 8 3182 848 852
images-CVIU11-5-19 0 8 5916 5114 5170
images-CVIU11-5-62 0 8 5025 1981 1989
images-CVIU11-6-119 0 8 5376 885 881
images-CVIU11-6-25 0 8 2778 250 252
images-CVIU11-6-58 0 8 2365 191 192
images-CVIU11-7-56 0 8 2308 796 807
images-CVIU11-7-96 0 8 2944 1667 1688
images-CVIU11-8-120 0 8 4301 4585 4657
images-CVIU11-8-129 0 8 1751 1197 1216
images-CVIU11-8-130 0 8 1721 842 859
images-CVIU11-8-20 0 8 4682 7382 7493
images-CVIU11-8-68 0 8 5540 9413 9542
images-CVIU11-8-83 0 8 4293 4988 5070
images-CVIU11-9-110 0 8 2666 3691 3757
meshes-CVIU11-1-106 0 10 969 249 222
meshes-CVIU11-1-120 0 10 794 227 212
meshes-CVIU11-1-149 0 10 1439 1339 1325
meshes-CVIU11-1-170 0 10 938 186 176
meshes-CVIU11-1-175 0 10 286 24 24
meshes-CVIU11-1-187 0 10 4034 8978 8653
meshes-CVIU11-1-188 0 10 1827 1550 1544
meshes-CVIU11-1-20 0 10 1830 1236 1234
meshes-CVIU11-1-205 0 10 963 176 176
meshes-CVIU11-1-206 0 10 5357 8609 9078
meshes-CVIU11-1-220 0 10 300 19 21
meshes-CVIU11-1-223 0 10 2431 3106 2994
meshes-CVIU11-1-225 0 10 3303 5696 5977
meshes-CVIU11-1-250 0 10 529 58 58
meshes-CVIU11-1-278 0 10 364 9 9
meshes-CVIU11-1-279 0 10 600 42 32
meshes-CVIU11-1-282 0 10 1816 917 929
meshes-CVIU11-1-283 0 10 4142 8284 7195
meshes-CVIU11-1-294 0 10 1929 2227 2303
meshes-CVIU11-1-305 0 10 844 151 147
meshes-CVIU11-1-314 0 10 5183 27361 28065
meshes-CVIU11-1-318 0 10 4127 17587 17683
meshes-CVIU11-1-34 0 10 2948 5271 5367
meshes-CVIU11-1-357 0 10 411 52 50
meshes-CVIU11-1-360 0 10 3302 5154 5136
meshes-CVIU11-1-368 0 10 2288 768 777
meshes-CVIU11-1-37 0 10 415 39 40
meshes-CVIU11-1-397 0 10 2968 4547 3944
meshes-CVIU11-1-410 0 10 358 21 21
meshes-CVIU11-1-424 0 10 2229 2155 1727
meshes-CVIU11-1-431 0 10 3671 4823 5381
meshes-CVIU11-1-461 0 10 5613 23876 24029
meshes-CVIU11-1-466 0 10 282 7 7
meshes-CVIU11-1-489 0 10 3790 5320 4922
meshes-CVIU11-1-511 0 10 3670 9214 9357
meshes-CVIU11-1-63 0 10 1001 343 373
meshes-CVIU11-1-88 0 10 728 112 84
meshes-CVIU11-2-100 0 10 5008 18057 18716
meshes-CVIU11-2-108 0 10 1641 486 471
meshes-CVIU11-2-11 0 10 534 79 67
meshes-CVIU11-2-121 0 10 290 20 22
meshes-CVIU11-2-13 0 10 1380 641 629
meshes-CVIU11-2-137 0 10 1506 650 618
meshes-CVIU11-2-177 0 10 733 145 128
meshes-CVIU11-2-211 0 10 935 249 262
meshes-CVIU11-2-223 0 10 2431 2944 3049
meshes-CVIU11-2-233 0 10 1213 473 674
meshes-CVIU11-2-245 0 10 838 80 79
meshes-CVIU11-2-246 0 10 1726 883 899
meshes-CVIU11-2-248 0 10 1247 399 401
meshes-CVIU11-2-267 0 10 2604 3082 3154
meshes-CVIU11-2-3 0 10 400 40 42
meshes-CVIU11-2-300 0 10 1387 283 283
meshes-CVIU11-2-304 0 10 855 57 54
meshes-CVIU11-2-305 0 10 844 153 152
meshes-CVIU11-2-317 0 10 485 47 48
meshes-CVIU11-2-321 0 10 1809 581 526
meshes-CVIU11-2-324 0 10 847 193 196
meshes-CVIU11-2-349 0 10 759 71 110
meshes-CVIU11-2-35 0 10 808 162 158
meshes-CVIU11-2-353 0 10 3436 8463 8477
meshes-CVIU11-2-354 0 10 843 45 45
meshes-CVIU11-2-365 0 10 935 172 171
meshes-CVIU11-2-447 0 10 3497 7834 7774
meshes-CVIU11-2-449 0 10 2917 4186 4169
meshes-CVIU11-2-462 0 10 526 70 58
meshes-CVIU11-2-484 0 10 3787 6804 6483
meshes-CVIU11-2-487 0 10 4278 12509 12761
meshes-CVIU11-2-493 0 10 1383 270 269
meshes-CVIU11-2-503 0 10 1671 640 627
meshes-CVIU11-2-511 0 10 3670 8145 8482
meshes-CVIU11-2-513 0 10 1467 295 281
meshes-CVIU11-2-52 0 10 777 149 146
meshes-CVIU11-2-54 0 10 1344 656 545
meshes-CVIU11-2-6 0 10 2040 1393 1337
meshes-CVIU11-2-76 0 10 3778 7701 8173
meshes-CVIU11-2-80 0 10 3249 2838 2897
meshes-CVIU11-3-100 0 10 5008 19440 19530
meshes-CVIU11-3-12 0 10 216 196 185
meshes-CVIU11-3-130 0 10 2512 5400 5696
meshes-CVIU11-3-139 0 10 5217 27626 27817
meshes-CVIU11-3-147 0 10 1654 635 669
meshes-CVIU11-3-151 0 10 886 401 396
meshes-CVIU11-3-158 1 10 3944 100000000 100000000
meshes-CVIU11-3-16 0 10 1721 2205 2342
meshes-CVIU11-3-17 0 10 1678 2070 2487
meshes-CVIU11-3-190 0 10 870 367 406
meshes-CVIU11-3-193 0 10 2478 3901 4026
meshes-CVIU11-3-195 0 10 2964 6524 6688
meshes-CVIU11-3-213 1 10 409 100000000 100000000
meshes-CVIU11-3-218 0 10 2200 3464 3622
meshes-CVIU11-3-220 0 10 300 203 207
meshes-CVIU11-3-23 0 10 1737 2251 2445
meshes-CVIU11-3-242 1 10 3195 100000000 100000000
meshes-CVIU11-3-246 0 10 1726 1924 2035
meshes-CVIU11-3-251 0 10 416 387 387
meshes-CVIU11-3-289 0 10 285 146 151
meshes-CVIU11-3-290 0 10 262 208 211
meshes-CVIU11-3-313 1 10 2559 100000000 100000000
meshes-CVIU11-3-325 0 10 284 275 279
meshes-CVIU11-3-35 0 10 808 791 1239
meshes-CVIU11-3-357 0 10 411 371 372
meshes-CVIU11-3-381 0 10 611 260 258
meshes-CVIU11-3-408 0 10 352 181 183
meshes-CVIU11-3-431 0 10 3671 5920 6049
meshes-CVIU11-3-434 1 10 3773 100000000 100000000
meshes-CVIU11-3-448 0 10 2605 4950 5160
meshes-CVIU11-3-45 0 10 1395 1789 2500
meshes-CVIU11-3-457 0 10 1347 1224 1268
meshes-CVIU11-3-484 0 10 3787 8762 9069
meshes-CVIU11-3-501 0 10 3426 10712 11004
meshes-CVIU11-3-503 0 10 1671 1385 1473
meshes-CVIU11-3-511 0 10 3670 9141 9772
meshes-CVIU11-3-512 0 10 514 100000000 100000000
meshes-CVIU11-3-513 0 10 1467 264 266
meshes-CVIU11-3-526 0 10 941 875 871
meshes-CVIU11-3-59 0 10 991 610 606
meshes-CVIU11-3-7 0 10 585 201 199
meshes-CVIU11-3-97 0 10 3478 7619 7799
meshes-CVIU11-3-98 0 10 4389 6914 7095
meshes-CVIU11-4-114 0 10 1064 172 174
meshes-CVIU11-4-129 0 10 4437 18066 18066
meshes-CVIU11-4-135 0 10 391 24 24
meshes-CVIU11-4-166 0 10 201 9 9
meshes-CVIU11-4-168 0 10 1341 384 381
meshes-CVIU11-4-206 0 10 5357 8940 8969
meshes-CVIU11-4-213 0 10 409 41 41
meshes-CVIU11-4-228 0 10 4233 6213 6151
meshes-CVIU11-4-248 0 10 1247 393 394
meshes-CVIU11-4-268 0 10 3686 8040 8048
meshes-CVIU11-4-311 0 10 4127 14636 14746
meshes-CVIU11-4-313 0 10 2559 2477 2464
meshes-CVIU11-4-325 0 10 284 24 26
meshes-CVIU11-4-341 0 10 527 106 100
meshes-CVIU11-4-387 0 10 1258 412 412
meshes-CVIU11-4-441 0 10 2727 3319 3311
meshes-CVIU11-4-45 0 10 1395 626 593
meshes-CVIU11-4-46 0 10 869 174 169
meshes-CVIU11-4-471 0 10 3557 4692 4692
meshes-CVIU11-4-487 0 10 4278 12138 12463
meshes-CVIU11-4-501 0 10 3426 7270 7196
meshes-CVIU11-4-80 0 10 3249 2846 2870
meshes-CVIU11-5-102 0 10 3259 5089 5068
meshes-CVIU11-5-115 0 10 545 79 76
meshes-CVIU11-5-121 0 10 290 18 20
meshes-CVIU11-5-147 0 10 1654 422 422
meshes-CVIU11-5-148 0 10 2409 1251 1250
meshes-CVIU11-5-163 0 10 1971 1976 1966
meshes-CVIU11-5-182 0 10 1072 270 273
meshes-CVIU11-5-188 0 10 1827 1231 1227
meshes-CVIU11-5-191 0 10 4882 26756 27114
meshes-CVIU11-5-200 0 10 716 111 109
meshes-CVIU11-5-212 0 10 1697 1129 1125
meshes-CVIU11-5-216 0 10 716 122 120
meshes-CVIU11-5-223 0 10 2431 2936 2945
meshes-CVIU11-5-244 0 10 2108 1505 1499
meshes-CVIU11-5-283 0 10 4142 7386 7458
meshes-CVIU11-5-286 0 10 640 85 82
meshes-CVIU11-5-304 0 10 855 33 33
meshes-CVIU11-5-306 0 10 5254 17582 18400
meshes-CVIU11-5-315 0 10 415 30 31
meshes-CVIU11-5-333 0 10 2087 2060 2052
meshes-CVIU11-5-34 0 10 2948 4236 4213
meshes-CVIU11-5-36 0 10 3278 3767 3744
meshes-CVIU11-5-409 0 10 375 32 33
meshes-CVIU11-5-433 0 10 2098 1408 1410
meshes-CVIU11-5-464 0 10 4020 10257 10162
meshes-CVIU11-5-468 0 10 1539 699 694
meshes-CVIU11-5-488 0 10 3472 2456 2451
meshes-CVIU11-5-517 0 10 5069 8008 7815
meshes-CVIU11-5-59 0 10 991 214 210
meshes-CVIU11-5-73 0 10 1216 441 443
meshes-CVIU11-5-99 0 10 4296 10187 10733
meshes-CVIU11-6-102 0 10 3259 12310 12200
meshes-CVIU11-6-150 0 10 4080 6751 6534
meshes-CVIU11-6-151 0 10 886 141 139
meshes-CVIU11-6-163 0 10 1971 3453 3471
meshes-CVIU11-6-194 0 10 1730 1143 1145
meshes-CVIU11-6-211 0 10 935 257 253
meshes-CVIU11-6-265 0 10 643 106 103
meshes-CVIU11-6-293 0 10 383 24 24
meshes-CVIU11-6-303 0 10 2040 1039 1043
meshes-CVIU11-6-306 0 10 5254 17817 19314
meshes-CVIU11-6-314 0 10 5183 24228 24444
meshes-CVIU11-6-325 0 10 284 28 28
meshes-CVIU11-6-338 0 10 279 11 11
meshes-CVIU11-6-345 0 10 678 123 121
meshes-CVIU11-6-400 0 10 1409 1535 1534
meshes-CVIU11-6-438 0 10 3222 4656 4634
meshes-CVIU11-6-443 0 10 2440 1503 1502
meshes-CVIU11-6-485 0 10 857 167 163
meshes-CVIU11-6-498 0 10 428 42 41
meshes-CVIU11-6-523 0 10 472 33 34
meshes-CVIU11-6-528 0 10 5039 14404 14383
meshes-CVIU11-6-56 0 10 719 369 357
meshes-CVIU11-6-58 0 10 400 38 40
meshes-CVIU11-6-65 0 10 5111 22707 21535
meshes-CVIU11-6-68 0 10 4326 16843 16903
meshes-CVIU11-6-77 0 10 2241 1735 1738
meshes-CVIU11-6-81 0 10 877 388 375
PR15-1 1 9 4838 745 745
PR15-2 1 9 4838 6328 6346
PR15-3 1 9 4838 9089 9127
PR15-4 1 9 4838 682 672
PR15-5 1 9 4838 1675 1661
PR15-6 1 9 4838 4601 4676
PR15-7 1 9 4838 4502 4538
PR15-8 1 9 4838 1668 1661
PR15-9 1 9 4838 3010 3062
PR15-10 1 9 4838 1691 1683
PR15-11 1 9 4838 3656 3654
PR15-12 1 9 4838 3154 3141
PR15-13 1 9 4838 2883 2929
PR15-14 1 9 4838 3211 3276
PR15-15 1 9 4838 12572 12707
PR15-16 1 9 4838 1182 1165
PR15-17 1 9 4838 9271 9175
PR15-18 1 9 4838 6661 6630
PR15-19 1 9 4838 1666 1660
PR15-20 1 9 4838 2187 2182
PR15-21 1 9 4838 1671 1657
PR15-22 1 9 4838 2722 2710
PR15-23 1 9 4838 1662 1655
PR15-24 1 9 4838 732 730
