instance sat family size vbbjdpd ttvbbjdpd32j ttvbbjdpd32g
F.04 1 1 300 2436 677 704
C.18 1 1 1000 1188 165 162
A.04 1 1 200 44 15 14
C.02 1 1 1000 1078 163 162
E.01 0 1 300 2750 730 731
F.20 1 1 300 1869 674 657
B.20 1 1 600 380 74 81
C.08 1 1 1000 1017 168 184
B.11 1 1 600 368 73 77
C.10 1 1 1000 1435 170 164
B.06 1 1 600 365 75 74
F.08 1 1 300 2107 887 892
B.07 1 1 600 396 80 75
E.04 0 1 300 2457 738 701
C.01 1 1 1000 1027 171 160
B.10 1 1 600 500 76 74
A.15 1 1 200 39 13 13
C.19 1 1 1000 1041 163 163
B.02 1 1 600 359 73 71
E.06 0 1 300 2587 665 670
E.18 0 1 300 1399 513 492
C.20 1 1 1000 1044 160 171
F.02 1 1 300 1830 829 795
F.11 1 1 300 2233 758 764
F.12 1 1 300 2362 741 711
E.05 0 1 300 2010 677 697
B.16 1 1 600 398 73 75
A.08 1 1 200 40 14 13
C.14 1 1 1000 1086 164 163
F.16 1 1 300 1798 796 878
F.06 1 1 300 1989 662 675
A.03 1 1 200 43 14 11
E.19 0 1 300 1648 552 579
C.15 1 1 1000 1246 165 163
A.16 1 1 200 45 14 13
B.14 1 1 600 375 71 72
A.02 1 1 200 40 14 13
F.14 1 1 300 1462 607 624
F.05 1 1 300 1644 714 711
B.09 1 1 600 379 76 71
A.01 1 1 200 44 15 13
C.05 1 1 1000 1400 163 164
B.01 1 1 600 431 73 75
A.09 1 1 200 37 13 13
A.07 1 1 200 34 13 14
F.03 1 1 300 1563 629 638
E.12 0 1 300 1928 719 730
C.06 1 1 1000 1331 157 163
C.09 1 1 1000 1078 163 161
B.17 1 1 600 378 75 75
C.07 1 1 1000 1183 169 161
E.09 0 1 300 1824 723 769
E.17 0 1 300 1734 553 535
C.11 1 1 1000 1052 161 165
F.10 0 1 300 2595 795 802
A.17 1 1 200 41 14 12
B.15 1 1 600 381 74 73
E.03 0 1 300 2246 544 553
F.19 1 1 300 1486 585 614
A.12 1 1 200 40 13 14
B.08 1 1 600 349 70 70
F.17 1 1 300 2708 686 690
C.04 1 1 1000 1090 165 166
B.19 1 1 600 365 75 75
C.16 1 1 1000 1023 160 158
C.17 1 1 1000 1012 155 161
E.08 0 1 300 1854 562 536
F.13 1 1 300 1845 692 697
A.20 1 1 200 37 13 13
E.02 0 1 300 2741 605 589
E.16 0 1 300 1943 687 707
B.12 1 1 600 377 74 74
F.09 1 1 300 1802 714 737
A.10 1 1 200 48 14 13
F.18 1 1 300 2931 909 922
E.10 1 1 300 1550 705 692
A.06 1 1 200 45 12 12
E.15 0 1 300 3808 668 684
E.07 0 1 300 3357 590 593
E.11 0 1 300 1530 420 441
B.03 1 1 600 394 75 77
B.18 1 1 600 384 77 70
C.03 1 1 1000 1010 160 160
A.18 1 1 200 40 13 13
F.15 1 1 300 1958 553 572
A.19 1 1 200 53 13 13
C.12 1 1 1000 998 163 172
B.05 1 1 600 359 75 74
A.13 1 1 200 37 13 12
A.05 1 1 200 41 14 12
F.01 1 1 300 2078 555 550
E.20 0 1 300 3269 645 672
B.13 1 1 600 351 73 76
A.14 1 1 200 46 13 14
B.04 1 1 600 372 76 76
C.13 1 1 1000 1215 165 163
F.07 1 1 300 1534 611 594
E.13 0 1 300 2828 803 782
E.14 0 1 300 1746 533 542
A.11 1 1 200 39 14 12
si6-r005-m400.07 1 7 400 2866 355 304
si6-r005-m400.00 1 7 400 2954 304 382
si6-r005-m400.01 1 7 400 2899 303 264
si6-r005-m400.02 1 7 400 2354 269 302
si6-r005-m400.04 1 7 400 2385 258 288
si6-r005-m400.05 1 7 400 4054 730 503
si6-r005-m400.09 1 7 400 2113 244 237
si6-r005-m400.03 1 7 400 2866 449 386
si6-r005-m400.06 1 7 400 2280 271 256
si6-r005-m400.08 1 7 400 2981 444 459
si6-m4Dr6-m625.04 1 6 625 308 54 50
si6-m4Dr6-m625.01 1 6 625 528 62 59
si6-m4Dr6-m625.09 1 6 625 572 59 56
si6-m4Dr6-m625.07 1 6 625 395 60 56
si6-m4Dr6-m625.00 1 6 625 209 51 50
si6-m4Dr6-m625.08 1 6 625 241 54 51
si6-m4Dr6-m625.05 1 6 625 403 61 59
si6-m4Dr6-m625.06 1 6 625 208 55 51
si6-m4Dr6-m625.02 1 6 625 243 53 50
si6-m4Dr6-m625.03 1 6 625 341 58 59
si4-m4Dr2-m625.09 1 6 625 234 45 42
si4-m4Dr2-m625.04 1 6 625 182 38 36
si4-m4Dr2-m625.02 1 6 625 249 42 43
si4-m4Dr2-m625.07 1 6 625 179 43 42
si4-m4Dr2-m625.00 1 6 625 198 42 41
si4-m4Dr2-m625.08 1 6 625 218 44 44
si4-m4Dr2-m625.01 1 6 625 217 44 42
si4-m4Dr2-m625.06 1 6 625 304 44 42
si4-m4Dr2-m625.03 1 6 625 240 44 44
si4-m4Dr2-m625.05 1 6 625 245 43 48
si2-r001-m600.00 1 7 600 179 135 108
si2-r001-m600.06 1 7 600 583 133 145
si2-r001-m600.04 1 7 600 327 317 281
si2-r001-m600.07 1 7 600 914 170 158
si2-r001-m600.02 1 7 600 189 134 100
si2-r001-m600.08 1 7 600 385 427 520
si2-r001-m600.03 1 7 600 225 180 201
si2-r001-m600.01 1 7 600 175 104 76
si2-r001-m600.05 1 7 600 178 228 266
si2-r001-m600.09 1 7 600 415 229 168
si2-m4Dr2-m256.09 1 6 256 17 14 15
si2-m4Dr2-m256.03 1 6 256 18 13 14
si2-m4Dr2-m256.04 1 6 256 30 13 15
si2-m4Dr2-m256.07 1 6 256 11 10 11
si2-m4Dr2-m256.00 1 6 256 14 11 11
si2-m4Dr2-m256.06 1 6 256 17 13 20
si2-m4Dr2-m256.08 1 6 256 21 11 13
si2-m4Dr2-m256.05 1 6 256 31 16 16
si2-m4Dr2-m256.01 1 6 256 13 12 12
si2-m4Dr2-m256.02 1 6 256 11 9 11
si6-r001-m600.09 1 7 600 1087 71 73
si6-r001-m600.00 1 7 600 1118 85 109
si6-r001-m600.07 1 7 600 1216 82 82
si6-r001-m600.03 1 7 600 1219 84 89
si6-r001-m600.01 1 7 600 1215 74 74
si6-r001-m600.06 1 7 600 1111 72 71
si6-r001-m600.08 1 7 600 1171 79 83
si6-r001-m600.02 1 7 600 1169 78 75
si6-r001-m600.04 1 7 600 1105 71 69
si6-r001-m600.05 1 7 600 1165 72 72
si2-m4Dr2-m1296.05 1 6 1296 586 84 78
si2-m4Dr2-m1296.09 1 6 1296 268 89 68
si2-m4Dr2-m1296.02 1 6 1296 507 107 91
si2-m4Dr2-m1296.07 1 6 1296 460 88 77
si2-m4Dr2-m1296.00 1 6 1296 608 91 88
si2-m4Dr2-m1296.06 1 6 1296 272 70 65
si2-m4Dr2-m1296.08 1 6 1296 276 74 64
si2-m4Dr2-m1296.01 1 6 1296 590 137 133
si2-m4Dr2-m1296.03 1 6 1296 254 72 65
si2-m4Dr2-m1296.04 1 6 1296 388 82 76
si4-b06m-m800.08 1 4 800 478 71 69
si4-b06m-m800.00 1 4 800 372 64 62
si4-b06m-m800.06 1 4 800 500 65 60
si4-b06m-m800.05 1 4 800 555 72 67
si4-b06m-m800.04 1 4 800 275 57 56
si4-b06m-m800.09 1 4 800 275 56 54
si4-b06m-m800.01 1 4 800 449 72 62
si4-b06m-m800.07 1 4 800 373 64 62
si4-b06m-m800.03 1 4 800 498 76 76
si4-b06m-m800.02 1 4 800 329 56 54
si6-m4Dr2-m625.08 1 6 625 193 50 48
si6-m4Dr2-m625.09 1 6 625 193 52 50
si6-m4Dr2-m625.05 1 6 625 197 52 49
si6-m4Dr2-m625.01 1 6 625 336 64 64
si6-m4Dr2-m625.06 1 6 625 351 57 56
si6-m4Dr2-m625.00 1 6 625 317 57 56
si6-m4Dr2-m625.03 1 6 625 291 59 55
si6-m4Dr2-m625.02 1 6 625 195 50 47
si6-m4Dr2-m625.07 1 6 625 350 59 56
si6-m4Dr2-m625.04 1 6 625 379 57 56
si2-m4D-m1296.01 1 5 1296 403 255 208
si2-m4D-m1296.08 1 5 1296 908 116 111
si2-m4D-m1296.06 1 5 1296 621 221 183
si2-m4D-m1296.05 1 5 1296 417 160 149
si2-m4D-m1296.09 1 5 1296 642 140 129
si2-m4D-m1296.03 1 5 1296 430 315 209
si2-m4D-m1296.07 1 5 1296 447 128 124
si2-m4D-m1296.02 1 5 1296 936 202 217
si2-m4D-m1296.04 1 5 1296 703 200 195
si2-m4D-m1296.00 1 5 1296 550 127 118
si4-b03-m800.05 1 3 800 166 301 290
si4-b03-m800.00 1 3 800 168 304 300
si4-b03-m800.08 1 3 800 167 310 286
si4-b03-m800.09 1 3 800 201 316 297
si4-b03-m800.03 1 3 800 154 301 276
si4-b03-m800.02 1 3 800 150 321 294
si4-b03-m800.04 1 3 800 155 326 296
si4-b03-m800.01 1 3 800 207 283 279
si4-b03-m800.06 1 3 800 224 295 278
si4-b03-m800.07 1 3 800 150 299 286
si6-m4D-m1296.02 1 5 1296 799 191 194
si6-m4D-m1296.07 1 5 1296 853 429 434
si6-m4D-m1296.05 1 5 1296 609 227 188
si6-m4D-m1296.09 1 5 1296 867 484 474
si6-m4D-m1296.00 1 5 1296 803598 568 574
si6-m4D-m1296.08 1 5 1296 746 199 185
si6-m4D-m1296.04 1 5 1296 587 193 178
si6-m4D-m1296.06 1 5 1296 1847 500 508
si6-m4D-m1296.01 1 5 1296 1321 543 538
si6-m4D-m1296.03 1 5 1296 6841 798 761
si6-r001-m200.05 1 7 200 23 11 10
si6-r001-m200.09 1 7 200 16 11 10
si6-r001-m200.07 1 7 200 14 9 11
si6-r001-m200.02 1 7 200 16 11 11
si6-r001-m200.01 1 7 200 14 11 10
si6-r001-m200.00 1 7 200 14 12 10
si6-r001-m200.04 1 7 200 23 12 10
si6-r001-m200.06 1 7 200 14 11 11
si6-r001-m200.08 1 7 200 26 14 12
si6-r001-m200.03 1 7 200 16 10 11
si4-b06-m400.06 1 3 400 170 69 72
si4-b06-m400.07 1 3 400 109 68 71
si4-b06-m400.09 1 3 400 108 71 68
si4-b06-m400.01 1 3 400 146 72 76
si4-b06-m400.04 1 3 400 113 73 74
si4-b06-m400.03 1 3 400 109 71 74
si4-b06-m400.00 1 3 400 108 72 72
si4-b06-m400.05 1 3 400 127 73 73
si4-b06-m400.08 1 3 400 109 74 78
si4-b06-m400.02 1 3 400 138 76 74
si2-m4Dr6-m256.06 1 6 256 15 12 14
si2-m4Dr6-m256.05 1 6 256 23 10 10
si2-m4Dr6-m256.09 1 6 256 41 14 14
si2-m4Dr6-m256.00 1 6 256 29 16 15
si2-m4Dr6-m256.07 1 6 256 16 11 11
si2-m4Dr6-m256.04 1 6 256 26 13 15
si2-m4Dr6-m256.02 1 6 256 23 11 12
si2-m4Dr6-m256.01 1 6 256 21 10 12
si2-m4Dr6-m256.08 1 6 256 40 18 20
si2-m4Dr6-m256.03 1 6 256 15 12 12
si6-r01-m200.04 1 7 200 470 127 127
si6-r01-m200.08 1 7 200 399 122 126
si6-r01-m200.02 1 7 200 428 127 141
si6-r01-m200.09 1 7 200 1267 242 247
si6-r01-m200.07 1 7 200 388 133 127
si6-r01-m200.00 1 7 200 561 125 186
si6-r01-m200.01 1 7 200 1452 257 251
si6-r01-m200.03 1 7 200 477 123 284
si6-r01-m200.05 1 7 200 1271 260 213
si6-r01-m200.06 1 7 200 658 170 159
si2-b03m-m800.03 1 4 800 55 39 34
si2-b03m-m800.02 1 4 800 70 38 35
si2-b03m-m800.09 1 4 800 106 47 42
si2-b03m-m800.04 1 4 800 106 44 40
si2-b03m-m800.06 1 4 800 155 54 48
si2-b03m-m800.05 1 4 800 162 55 51
si2-b03m-m800.01 1 4 800 114 45 43
si2-b03m-m800.08 1 4 800 89 36 36
si2-b03m-m800.07 1 4 800 55 37 34
si2-b03m-m800.00 1 4 800 68 36 35
si2-r001-m200.06 1 7 200 5 11 11
si2-r001-m200.01 1 7 200 10 12 11
si2-r001-m200.02 1 7 200 11 13 15
si2-r001-m200.07 1 7 200 6 8 10
si2-r001-m200.04 1 7 200 6 14 14
si2-r001-m200.05 1 7 200 6 13 11
si2-r001-m200.09 1 7 200 7 13 13
si2-r001-m200.03 1 7 200 7 11 9
si2-r001-m200.00 1 7 200 5 11 14
si2-r001-m200.08 1 7 200 9 12 11
si6-b03m-m800.01 1 4 800 215 73 73
si6-b03m-m800.08 1 4 800 404 86 86
si6-b03m-m800.03 1 4 800 162 68 67
si6-b03m-m800.00 1 4 800 265 75 75
si6-b03m-m800.04 1 4 800 155 68 67
si6-b03m-m800.05 1 4 800 215 74 74
si6-b03m-m800.07 1 4 800 213 77 73
si6-b03m-m800.06 1 4 800 161 70 68
si6-b03m-m800.09 1 4 800 159 71 69
si6-b03m-m800.02 1 4 800 211 76 74
si4-r005-m200.00 1 7 200 136 28 40
si4-r005-m200.08 1 7 200 106 28 31
si4-r005-m200.02 1 7 200 131 30 30
si4-r005-m200.05 1 7 200 102 29 32
si4-r005-m200.06 1 7 200 108 26 24
si4-r005-m200.04 1 7 200 118 81 60
si4-r005-m200.07 1 7 200 138 45 36
si4-r005-m200.09 1 7 200 122 30 27
si4-r005-m200.01 1 7 200 110 26 42
si4-r005-m200.03 1 7 200 108 30 38
si6-b09m-m400.03 1 4 400 163 22 25
si6-b09m-m400.07 1 4 400 298 32 38
si6-b09m-m400.00 1 4 400 187 27 24
si6-b09m-m400.04 1 4 400 389 33 40
si6-b09m-m400.06 1 4 400 203 23 25
si6-b09m-m400.08 1 4 400 354 29 30
si6-b09m-m400.02 1 4 400 475 29 30
si6-b09m-m400.05 1 4 400 158 28 23
si6-b09m-m400.09 1 4 400 144 23 25
si6-b09m-m400.01 1 4 400 173 24 24
si2-b09-m200.08 1 3 200 24 12 12
si2-b09-m200.01 1 3 200 24 14 12
si2-b09-m200.06 1 3 200 26 13 15
si2-b09-m200.05 1 3 200 27 13 14
si2-b09-m200.00 1 3 200 36 16 13
si2-b09-m200.02 1 3 200 24 14 13
si2-b09-m200.03 1 3 200 25 14 13
si2-b09-m200.04 1 3 200 26 14 12
si2-b09-m200.09 1 3 200 32 15 13
si2-b09-m200.07 1 3 200 24 14 12
si6-r01-m600.02 1 7 600 71550 17353 21593
si6-r01-m600.06 1 7 600 62332 33004 37578
si6-r01-m600.09 1 7 600 28639 5500 6179
si6-r01-m600.08 1 7 600 208294 45284 43084
si6-r01-m600.05 1 7 600 46672 10429 10894
si6-r01-m600.07 1 7 600 246921 90377 93566
si6-r01-m600.03 1 7 600 121812 25824 27504
si6-r01-m600.00 1 7 600 49681 11876 8743
si6-r01-m600.01 1 7 600 620983 247914 235872
si6-r01-m600.04 1 7 600 428585 154514 133743
si2-b06-m200.02 1 3 200 20 10 12
si2-b06-m200.00 1 3 200 16 12 12
si2-b06-m200.01 1 3 200 15 11 11
si2-b06-m200.06 1 3 200 19 12 11
si2-b06-m200.09 1 3 200 15 11 12
si2-b06-m200.07 1 3 200 15 11 12
si2-b06-m200.04 1 3 200 22 11 11
si2-b06-m200.08 1 3 200 22 12 11
si2-b06-m200.03 1 3 200 23 12 12
si2-b06-m200.05 1 3 200 15 10 11
si6-m4Dr2-m1296.05 1 6 1296 714 184 179
si6-m4Dr2-m1296.09 1 6 1296 987 181 175
si6-m4Dr2-m1296.01 1 6 1296 1692 194 191
si6-m4Dr2-m1296.06 1 6 1296 1658 202 187
si6-m4Dr2-m1296.07 1 6 1296 855 176 176
si6-m4Dr2-m1296.03 1 6 1296 1265 209 190
si6-m4Dr2-m1296.04 1 6 1296 2142 230 230
si6-m4Dr2-m1296.00 1 6 1296 1586 199 193
si6-m4Dr2-m1296.08 1 6 1296 1451 185 186
si6-m4Dr2-m1296.02 1 6 1296 1208 204 191
si2-b09m-m800.09 1 4 800 182 40 39
si2-b09m-m800.07 1 4 800 357 46 50
si2-b09m-m800.00 1 4 800 211 40 38
si2-b09m-m800.04 1 4 800 298 47 52
si2-b09m-m800.02 1 4 800 430 53 50
si2-b09m-m800.05 1 4 800 209 41 37
si2-b09m-m800.03 1 4 800 237 47 39
si2-b09m-m800.08 1 4 800 459 49 46
si2-b09m-m800.06 1 4 800 233 42 37
si2-b09m-m800.01 1 4 800 216 40 40
si4-b03-m400.01 1 3 400 37 72 74
si4-b03-m400.02 1 3 400 38 73 72
si4-b03-m400.05 1 3 400 37 69 67
si4-b03-m400.07 1 3 400 44 70 68
si4-b03-m400.06 1 3 400 38 69 73
si4-b03-m400.00 1 3 400 37 71 73
si4-b03-m400.03 1 3 400 48 69 67
si4-b03-m400.04 1 3 400 59 68 73
si4-b03-m400.09 1 3 400 50 68 71
si4-b03-m400.08 1 3 400 39 69 76
si2-b03-m200.05 1 3 200 5 11 11
si2-b03-m200.09 1 3 200 5 10 11
si2-b03-m200.07 1 3 200 5 10 11
si2-b03-m200.01 1 3 200 9 12 10
si2-b03-m200.08 1 3 200 5 12 13
si2-b03-m200.02 1 3 200 5 13 11
si2-b03-m200.04 1 3 200 5 11 11
si2-b03-m200.03 1 3 200 5 11 12
si2-b03-m200.06 1 3 200 5 11 11
si2-b03-m200.00 1 3 200 6 11 12
si4-r005-m600.00 1 7 600 25908 14380 12703
si4-r005-m600.02 1 7 600 7626 7593 4478
si4-r005-m600.08 1 7 600 27655 19087 14497
si4-r005-m600.05 1 7 600 23797 15426 14864
si4-r005-m600.07 1 7 600 9172 7435 4202
si4-r005-m600.06 1 7 600 42391 15519 15421
si4-r005-m600.01 1 7 600 24886 16803 15883
si4-r005-m600.04 1 7 600 22183 14482 14856
si4-r005-m600.03 1 7 600 13869 7512 5284
si4-r005-m600.09 1 7 600 5729 1912 2244
si4-b09-m400.05 1 3 400 226 75 76
si4-b09-m400.03 1 3 400 210 71 79
si4-b09-m400.00 1 3 400 208 78 82
si4-b09-m400.07 1 3 400 203 77 73
si4-b09-m400.01 1 3 400 203 74 79
si4-b09-m400.06 1 3 400 204 77 73
si4-b09-m400.04 1 3 400 203 77 82
si4-b09-m400.02 1 3 400 339 70 79
si4-b09-m400.08 1 3 400 204 79 77
si4-b09-m400.09 1 3 400 215 73 76
si4-b06m-m400.06 1 4 400 76 20 21
si4-b06m-m400.03 1 4 400 45 17 16
si4-b06m-m400.01 1 4 400 140 23 26
si4-b06m-m400.08 1 4 400 78 21 21
si4-b06m-m400.05 1 4 400 107 24 24
si4-b06m-m400.07 1 4 400 54 17 17
si4-b06m-m400.00 1 4 400 72 20 19
si4-b06m-m400.04 1 4 400 50 16 16
si4-b06m-m400.09 1 4 400 64 19 19
si4-b06m-m400.02 1 4 400 111 23 24
si2-m4Dr2-m625.05 1 6 625 217 44 42
si2-m4Dr2-m625.00 1 6 625 136 53 47
si2-m4Dr2-m625.08 1 6 625 103 34 33
si2-m4Dr2-m625.09 1 6 625 109 35 32
si2-m4Dr2-m625.06 1 6 625 117 33 33
si2-m4Dr2-m625.04 1 6 625 68 27 26
si2-m4Dr2-m625.01 1 6 625 191 41 39
si2-m4Dr2-m625.03 1 6 625 68 29 26
si2-m4Dr2-m625.02 1 6 625 162 32 35
si2-m4Dr2-m625.07 1 6 625 57 29 28
si2-r005-m200.02 1 7 200 43 29 27
si2-r005-m200.01 1 7 200 322 144 59
si2-r005-m200.03 1 7 200 69 41 43
si2-r005-m200.05 1 7 200 12778 3233 854
si2-r005-m200.08 1 7 200 1572 165 198
si2-r005-m200.04 1 7 200 6543 464 671
si2-r005-m200.09 1 7 200 106 30 31
si2-r005-m200.06 1 7 200 168 60 47
si2-r005-m200.00 1 7 200 734 81 76
si2-r005-m200.07 1 7 200 70 34 41
si4-b03m-m400.03 1 4 400 26 17 17
si4-b03m-m400.09 1 4 400 42 18 18
si4-b03m-m400.08 1 4 400 43 17 18
si4-b03m-m400.04 1 4 400 28 16 17
si4-b03m-m400.00 1 4 400 45 17 17
si4-b03m-m400.01 1 4 400 42 20 20
si4-b03m-m400.07 1 4 400 48 17 17
si4-b03m-m400.02 1 4 400 41 19 19
si4-b03m-m400.06 1 4 400 39 19 21
si4-b03m-m400.05 1 4 400 44 16 17
si2-r01-m600.01 1 7 600 331982 311965 259635
si2-r01-m600.06 1 7 600 202663 273188 248064
si2-r01-m600.09 1 7 600 737980 318878 307893
si2-r01-m600.08 1 7 600 1245494 177058 333769
si2-r01-m600.04 1 7 600 1455349 301161 355620
si2-r01-m600.02 1 7 600 4182917 744813 691985
si2-r01-m600.00 1 7 600 26074160 1841799 1759706
si2-r01-m600.07 1 7 600 428607 144167 126934
si2-r01-m600.03 1 7 600 2664784 610647 572491
si2-r01-m600.05 1 7 600 243769 169776 130055
si4-m4Dr6-m256.01 1 6 256 24 12 13
si4-m4Dr6-m256.00 1 6 256 54 16 17
si4-m4Dr6-m256.05 1 6 256 30 12 13
si4-m4Dr6-m256.08 1 6 256 27 13 12
si4-m4Dr6-m256.03 1 6 256 65 15 14
si4-m4Dr6-m256.06 1 6 256 57 14 14
si4-m4Dr6-m256.09 1 6 256 28 12 11
si4-m4Dr6-m256.07 1 6 256 47 13 14
si4-m4Dr6-m256.02 1 6 256 62 15 15
si4-m4Dr6-m256.04 1 6 256 45 11 11
si2-b03m-m400.02 1 4 400 35 15 16
si2-b03m-m400.00 1 4 400 37 20 21
si2-b03m-m400.01 1 4 400 28 18 18
si2-b03m-m400.05 1 4 400 36 19 20
si2-b03m-m400.08 1 4 400 29 18 20
si2-b03m-m400.07 1 4 400 20 14 15
si2-b03m-m400.09 1 4 400 28 19 19
si2-b03m-m400.03 1 4 400 25 17 18
si2-b03m-m400.04 1 4 400 43 20 20
si2-b03m-m400.06 1 4 400 24 17 18
si2-b03m-m200.05 1 4 200 12 17 16
si2-b03m-m200.03 1 4 200 6 10 9
si2-b03m-m200.00 1 4 200 8 12 12
si2-b03m-m200.08 1 4 200 10 10 10
si2-b03m-m200.06 1 4 200 10 13 11
si2-b03m-m200.02 1 4 200 6 12 11
si2-b03m-m200.09 1 4 200 9 10 9
si2-b03m-m200.04 1 4 200 12 15 14
si2-b03m-m200.01 1 4 200 10 16 17
si2-b03m-m200.07 1 4 200 4 10 11
si4-r001-m200.04 1 7 200 9 9 9
si4-r001-m200.07 1 7 200 18 14 12
si4-r001-m200.00 1 7 200 10 10 9
si4-r001-m200.01 1 7 200 10 10 9
si4-r001-m200.03 1 7 200 11 12 9
si4-r001-m200.06 1 7 200 19 12 11
si4-r001-m200.05 1 7 200 12 9 10
si4-r001-m200.08 1 7 200 10 10 11
si4-r001-m200.09 1 7 200 12 14 14
si4-r001-m200.02 1 7 200 17 12 11
si2-m4D-m256.08 1 5 256 29 15 15
si2-m4D-m256.03 1 5 256 25 12 11
si2-m4D-m256.02 1 5 256 22 18 19
si2-m4D-m256.06 1 5 256 17 13 14
si2-m4D-m256.04 1 5 256 19 13 13
si2-m4D-m256.07 1 5 256 21 17 19
si2-m4D-m256.01 1 5 256 25 11 11
si2-m4D-m256.09 1 5 256 23 13 15
si2-m4D-m256.00 1 5 256 43 22 22
si2-m4D-m256.05 1 5 256 18 12 12
si6-r01-m400.04 1 7 400 21282 4121 4239
si6-r01-m400.08 1 7 400 6328 1244 1251
si6-r01-m400.07 1 7 400 13761 2027 2300
si6-r01-m400.06 1 7 400 12920 1947 1763
si6-r01-m400.05 1 7 400 52833 6085 7892
si6-r01-m400.02 1 7 400 15532 2505 2365
si6-r01-m400.00 1 7 400 15174 3187 2450
si6-r01-m400.03 1 7 400 8910 1520 1623
si6-r01-m400.01 1 7 400 13849 2225 2246
si6-r01-m400.09 1 7 400 28562 6118 6826
si2-m4Dr4-m625.07 1 6 625 145 34 30
si2-m4Dr4-m625.02 1 6 625 65 29 31
si2-m4Dr4-m625.03 1 6 625 204 46 43
si2-m4Dr4-m625.00 1 6 625 110 37 33
si2-m4Dr4-m625.05 1 6 625 120 35 31
si2-m4Dr4-m625.06 1 6 625 132 39 38
si2-m4Dr4-m625.09 1 6 625 80 73 75
si2-m4Dr4-m625.01 1 6 625 76 32 29
si2-m4Dr4-m625.08 1 6 625 78 39 37
si2-m4Dr4-m625.04 1 6 625 82 40 40
si4-r01-m400.01 1 7 400 3035 1296 1484
si4-r01-m400.08 1 7 400 62465 17514 17879
si4-r01-m400.02 1 7 400 223332 23680 21833
si4-r01-m400.03 1 7 400 26376 5577 4900
si4-r01-m400.07 1 7 400 52715 5622 5827
si4-r01-m400.06 1 7 400 5925 2377 1632
si4-r01-m400.04 1 7 400 201284 20266 20969
si4-r01-m400.00 1 7 400 349335 35642 35431
si4-r01-m400.05 1 7 400 13512 4164 5615
si4-r01-m400.09 1 7 400 42822 11429 8674
si2-b09m-m400.09 1 4 400 78 19 22
si2-b09m-m400.03 1 4 400 66 19 17
si2-b09m-m400.01 1 4 400 52 15 16
si2-b09m-m400.08 1 4 400 55 17 19
si2-b09m-m400.05 1 4 400 66 16 16
si2-b09m-m400.06 1 4 400 50 16 17
si2-b09m-m400.00 1 4 400 59 19 16
si2-b09m-m400.02 1 4 400 53 15 20
si2-b09m-m400.04 1 4 400 51 19 16
si2-b09m-m400.07 1 4 400 53 23 16
si2-b09-m800.07 1 3 800 403 254 171
si2-b09-m800.04 1 3 800 404 165 174
si2-b09-m800.05 1 3 800 403 172 167
si2-b09-m800.00 1 3 800 404 183 153
si2-b09-m800.02 1 3 800 403 170 158
si2-b09-m800.01 1 3 800 476 172 167
si2-b09-m800.08 1 3 800 404 170 173
si2-b09-m800.09 1 3 800 405 160 161
si2-b09-m800.03 1 3 800 405 174 138
si2-b09-m800.06 1 3 800 403 169 168
si6-b03-m400.04 1 3 400 54 126 125
si6-b03-m400.09 1 3 400 60 130 127
si6-b03-m400.02 1 3 400 54 125 126
si6-b03-m400.06 1 3 400 63 116 123
si6-b03-m400.05 1 3 400 54 123 135
si6-b03-m400.08 1 3 400 57 125 134
si6-b03-m400.01 1 3 400 56 123 130
si6-b03-m400.07 1 3 400 54 129 130
si6-b03-m400.03 1 3 400 54 123 127
si6-b03-m400.00 1 3 400 60 131 132
si2-r005-m600.03 1 7 600 25061 56153 51859
si2-r005-m600.00 1 7 600 472606 53556 51974
si2-r005-m600.06 1 7 600 31592 17259 22552
si2-r005-m600.01 1 7 600 119855 40160 22513
si2-r005-m600.04 1 7 600 299135 55294 57381
si2-r005-m600.09 1 7 600 34019 56221 44554
si2-r005-m600.05 1 7 600 1452407 133479 135481
si2-r005-m600.02 1 7 600 337038 95079 70055
si2-r005-m600.08 1 7 600 73800 9635 11586
si2-r005-m600.07 1 7 600 10790 23273 17565
si4-r01-m600.05 1 7 600 62298 40163 39114
si4-r01-m600.02 1 7 600 64315 46111 75883
si4-r01-m600.03 1 7 600 239710 101901 102858
si4-r01-m600.07 1 7 600 481802 377691 266376
si4-r01-m600.08 1 7 600 387197 187189 201108
si4-r01-m600.06 1 7 600 165848 82426 89919
si4-r01-m600.01 1 7 600 1076392 428203 386252
si4-r01-m600.04 1 7 600 343388 196671 194369
si4-r01-m600.00 1 7 600 750431 193534 199885
si4-r01-m600.09 1 7 600 247343 207261 96274
si2-b09-m400.04 1 3 400 107 26 27
si2-b09-m400.08 1 3 400 103 27 29
si2-b09-m400.05 1 3 400 102 30 27
si2-b09-m400.01 1 3 400 104 27 29
si2-b09-m400.03 1 3 400 103 26 28
si2-b09-m400.02 1 3 400 103 34 31
si2-b09-m400.07 1 3 400 121 30 30
si2-b09-m400.09 1 3 400 102 28 30
si2-b09-m400.06 1 3 400 104 26 30
si2-b09-m400.00 1 3 400 102 27 29
si4-b06-m200.06 1 3 200 29 12 13
si4-b06-m200.03 1 3 200 30 11 12
si4-b06-m200.02 1 3 200 27 13 13
si4-b06-m200.07 1 3 200 27 12 12
si4-b06-m200.05 1 3 200 29 11 13
si4-b06-m200.08 1 3 200 27 12 12
si4-b06-m200.00 1 3 200 27 13 11
si4-b06-m200.04 1 3 200 28 11 12
si4-b06-m200.01 1 3 200 28 11 13
si4-b06-m200.09 1 3 200 28 12 12
si4-r005-m400.06 1 7 400 3553 1018 815
si4-r005-m400.03 1 7 400 1610 313 322
si4-r005-m400.07 1 7 400 4082 2239 1276
si4-r005-m400.01 1 7 400 1466 419 324
si4-r005-m400.04 1 7 400 1731 520 451
si4-r005-m400.00 1 7 400 1770 409 792
si4-r005-m400.09 1 7 400 1972 545 601
si4-r005-m400.05 1 7 400 1501 268 304
si4-r005-m400.08 1 7 400 1202 248 220
si4-r005-m400.02 1 7 400 3904 532 501
si4-m4Dr2-m1296.07 1 6 1296 2067 177 168
si4-m4Dr2-m1296.00 1 6 1296 827 129 132
si4-m4Dr2-m1296.05 1 6 1296 899 123 126
si4-m4Dr2-m1296.04 1 6 1296 448 118 113
si4-m4Dr2-m1296.08 1 6 1296 1057 129 125
si4-m4Dr2-m1296.01 1 6 1296 1148 142 131
si4-m4Dr2-m1296.06 1 6 1296 778 131 121
si4-m4Dr2-m1296.02 1 6 1296 721 127 120
si4-m4Dr2-m1296.03 1 6 1296 604 117 111
si4-m4Dr2-m1296.09 1 6 1296 982 133 119
si6-b09-m800.03 1 3 800 1194 427 408
si6-b09-m800.09 1 3 800 1196 443 465
si6-b09-m800.07 1 3 800 1193 432 427
si6-b09-m800.05 1 3 800 1196 445 441
si6-b09-m800.04 1 3 800 1195 436 428
si6-b09-m800.01 1 3 800 1842 438 409
si6-b09-m800.00 1 3 800 1197 407 397
si6-b09-m800.02 1 3 800 1194 431 418
si6-b09-m800.06 1 3 800 1298 444 394
si6-b09-m800.08 1 3 800 1197 431 424
si6-b06m-m400.00 1 4 400 259 41 40
si6-b06m-m400.08 1 4 400 155 27 28
si6-b06m-m400.03 1 4 400 127 27 32
si6-b06m-m400.04 1 4 400 282 46 49
si6-b06m-m400.06 1 4 400 197 31 35
si6-b06m-m400.07 1 4 400 61 22 22
si6-b06m-m400.09 1 4 400 154 30 29
si6-b06m-m400.02 1 4 400 67 20 20
si6-b06m-m400.01 1 4 400 54 20 21
si6-b06m-m400.05 1 4 400 64 19 19
si2-m4Dr4-m1296.08 1 6 1296 304 77 71
si2-m4Dr4-m1296.07 1 6 1296 308 74 69
si2-m4Dr4-m1296.03 1 6 1296 319 106 69
si2-m4Dr4-m1296.05 1 6 1296 670 120 117
si2-m4Dr4-m1296.06 1 6 1296 479 83 85
si2-m4Dr4-m1296.04 1 6 1296 687 95 86
si2-m4Dr4-m1296.09 1 6 1296 272 73 67
si2-m4Dr4-m1296.01 1 6 1296 541 87 76
si2-m4Dr4-m1296.00 1 6 1296 496 84 76
si2-m4Dr4-m1296.02 1 6 1296 289 79 67
si6-m4Dr6-m1296.02 1 6 1296 1137 176 173
si6-m4Dr6-m1296.08 1 6 1296 1080 187 178
si6-m4Dr6-m1296.07 1 6 1296 1081 185 185
si6-m4Dr6-m1296.06 1 6 1296 980 192 190
si6-m4Dr6-m1296.03 1 6 1296 1138 188 177
si6-m4Dr6-m1296.04 1 6 1296 1137 186 177
si6-m4Dr6-m1296.05 1 6 1296 2170 205 200
si6-m4Dr6-m1296.00 1 6 1296 1076 180 179
si6-m4Dr6-m1296.09 1 6 1296 969 182 176
si6-m4Dr6-m1296.01 1 6 1296 1751 209 196
si4-m4Dr2-m256.00 1 6 256 38 16 15
si4-m4Dr2-m256.01 1 6 256 41 19 18
si4-m4Dr2-m256.05 1 6 256 81 22 21
si4-m4Dr2-m256.04 1 6 256 70 19 20
si4-m4Dr2-m256.08 1 6 256 57 17 17
si4-m4Dr2-m256.07 1 6 256 29 11 12
si4-m4Dr2-m256.06 1 6 256 52 14 14
si4-m4Dr2-m256.02 1 6 256 33 14 14
si4-m4Dr2-m256.09 1 6 256 117 25 25
si4-m4Dr2-m256.03 1 6 256 39 14 15
si4-b09m-m200.01 1 4 200 31 12 12
si4-b09m-m200.00 1 4 200 33 12 11
si4-b09m-m200.03 1 4 200 67 16 15
si4-b09m-m200.06 1 4 200 53 11 12
si4-b09m-m200.02 1 4 200 54 15 14
si4-b09m-m200.04 1 4 200 60 16 15
si4-b09m-m200.05 1 4 200 44 12 12
si4-b09m-m200.07 1 4 200 56 15 15
si4-b09m-m200.08 1 4 200 26 13 13
si4-b09m-m200.09 1 4 200 62 14 15
si4-m4Dr4-m625.07 1 6 625 140 39 40
si4-m4Dr4-m625.05 1 6 625 210 43 43
si4-m4Dr4-m625.01 1 6 625 219 44 40
si4-m4Dr4-m625.08 1 6 625 134 38 36
si4-m4Dr4-m625.09 1 6 625 229 47 43
si4-m4Dr4-m625.00 1 6 625 146 37 35
si4-m4Dr4-m625.04 1 6 625 224 45 46
si4-m4Dr4-m625.06 1 6 625 149 41 37
si4-m4Dr4-m625.03 1 6 625 124 39 36
si4-m4Dr4-m625.02 1 6 625 291 43 44
si4-m4Dr4-m1296.03 1 6 1296 954 128 123
si4-m4Dr4-m1296.01 1 6 1296 557 113 109
si4-m4Dr4-m1296.00 1 6 1296 959 129 124
si4-m4Dr4-m1296.07 1 6 1296 1063 130 126
si4-m4Dr4-m1296.02 1 6 1296 817 130 124
si4-m4Dr4-m1296.04 1 6 1296 547 119 107
si4-m4Dr4-m1296.09 1 6 1296 1083 129 119
si4-m4Dr4-m1296.06 1 6 1296 605 119 108
si4-m4Dr4-m1296.08 1 6 1296 1638 161 149
si4-m4Dr4-m1296.05 1 6 1296 622 112 108
si2-r005-m400.05 1 7 400 4506 1413 2339
si2-r005-m400.06 1 7 400 2423 1685 1654
si2-r005-m400.08 1 7 400 2883 1376 1349
si2-r005-m400.02 1 7 400 388342 23246 33837
si2-r005-m400.03 1 7 400 6386 745 885
si2-r005-m400.00 1 7 400 1563 813 559
si2-r005-m400.07 1 7 400 14194 942 1262
si2-r005-m400.09 1 7 400 633 205 191
si2-r005-m400.04 1 7 400 8604 4653 2701
si2-r005-m400.01 1 7 400 818 456 326
si2-b06m-m400.03 1 4 400 64 23 23
si2-b06m-m400.06 1 4 400 63 22 22
si2-b06m-m400.05 1 4 400 58 18 19
si2-b06m-m400.01 1 4 400 46 18 18
si2-b06m-m400.00 1 4 400 81 20 22
si2-b06m-m400.08 1 4 400 128 39 40
si2-b06m-m400.07 1 4 400 87 24 24
si2-b06m-m400.09 1 4 400 58 18 17
si2-b06m-m400.04 1 4 400 55 18 18
si2-b06m-m400.02 1 4 400 41 12 13
si6-r005-m600.02 1 7 600 10798 2904 2884
si6-r005-m600.08 1 7 600 11179 1774 1833
si6-r005-m600.03 1 7 600 26101 10495 10574
si6-r005-m600.05 1 7 600 20537 6374 7116
si6-r005-m600.07 1 7 600 19645 5745 5693
si6-r005-m600.04 1 7 600 22759 5903 6123
si6-r005-m600.06 1 7 600 38033 13855 13822
si6-r005-m600.01 1 7 600 10659 1275 1139
si6-r005-m600.09 1 7 600 26072 8447 10176
si6-r005-m600.00 1 7 600 10748 1725 1721
si6-r005-m200.02 1 7 200 224 32 52
si6-r005-m200.08 1 7 200 214 32 44
si6-r005-m200.09 1 7 200 207 33 40
si6-r005-m200.05 1 7 200 222 36 36
si6-r005-m200.03 1 7 200 207 29 31
si6-r005-m200.00 1 7 200 237 61 39
si6-r005-m200.04 1 7 200 215 29 28
si6-r005-m200.07 1 7 200 207 30 30
si6-r005-m200.01 1 7 200 202 31 31
si6-r005-m200.06 1 7 200 199 28 25
si2-m4Dr6-m625.06 1 6 625 68 31 30
si2-m4Dr6-m625.08 1 6 625 137 36 35
si2-m4Dr6-m625.07 1 6 625 79 30 31
si2-m4Dr6-m625.03 1 6 625 74 38 37
si2-m4Dr6-m625.04 1 6 625 71 30 28
si2-m4Dr6-m625.05 1 6 625 74 30 29
si2-m4Dr6-m625.09 1 6 625 154 34 34
si2-m4Dr6-m625.01 1 6 625 75 29 27
si2-m4Dr6-m625.02 1 6 625 80 42 36
si2-m4Dr6-m625.00 1 6 625 114 37 34
si6-b03-m800.02 1 3 800 232 425 386
si6-b03-m800.04 1 3 800 230 481 414
si6-b03-m800.03 1 3 800 226 423 390
si6-b03-m800.05 1 3 800 225 424 421
si6-b03-m800.06 1 3 800 227 423 416
si6-b03-m800.01 1 3 800 226 418 407
si6-b03-m800.00 1 3 800 327 419 399
si6-b03-m800.07 1 3 800 228 414 419
si6-b03-m800.09 1 3 800 231 417 410
si6-b03-m800.08 1 3 800 228 430 421
si4-m4D-m1296.09 1 5 1296 1055 170 155
si4-m4D-m1296.06 1 5 1296 727 149 138
si4-m4D-m1296.05 1 5 1296 760 149 138
si4-m4D-m1296.00 1 5 1296 533 355 352
si4-m4D-m1296.03 1 5 1296 556 370 376
si4-m4D-m1296.04 1 5 1296 751 147 139
si4-m4D-m1296.08 1 5 1296 100000000 307 300
si4-m4D-m1296.02 1 5 1296 723 365 320
si4-m4D-m1296.01 1 5 1296 758 147 143
si4-m4D-m1296.07 1 5 1296 738 147 151
si6-b03m-m400.03 1 4 400 70 22 24
si6-b03m-m400.01 1 4 400 84 27 28
si6-b03m-m400.09 1 4 400 77 26 28
si6-b03m-m400.08 1 4 400 106 27 28
si6-b03m-m400.07 1 4 400 58 23 26
si6-b03m-m400.02 1 4 400 39 21 21
si6-b03m-m400.05 1 4 400 37 20 22
si6-b03m-m400.00 1 4 400 41 21 21
si6-b03m-m400.06 1 4 400 140 36 37
si6-b03m-m400.04 1 4 400 90 24 24
si4-m4D-m256.07 1 5 256 34 15 14
si4-m4D-m256.06 1 5 256 35 15 17
si4-m4D-m256.05 1 5 256 60 21 20
si4-m4D-m256.08 1 5 256 39 25 22
si4-m4D-m256.04 1 5 256 42 21 22
si4-m4D-m256.09 1 5 256 64 23 26
si4-m4D-m256.02 1 5 256 41 15 17
si4-m4D-m256.00 1 5 256 41 23 25
si4-m4D-m256.03 1 5 256 39 17 18
si4-m4D-m256.01 1 5 256 49 22 23
si6-b06m-m800.07 1 4 800 524 76 73
si6-b06m-m800.04 1 4 800 695 91 92
si6-b06m-m800.01 1 4 800 689 92 92
si6-b06m-m800.00 1 4 800 524 83 85
si6-b06m-m800.05 1 4 800 854 103 102
si6-b06m-m800.08 1 4 800 745 100 99
si6-b06m-m800.09 1 4 800 917 110 109
si6-b06m-m800.02 1 4 800 370 77 76
si6-b06m-m800.03 1 4 800 1070 108 106
si6-b06m-m800.06 1 4 800 595 80 75
si4-r001-m400.08 1 7 400 103 25 29
si4-r001-m400.06 1 7 400 103 22 20
si4-r001-m400.02 1 7 400 101 21 21
si4-r001-m400.00 1 7 400 121 34 31
si4-r001-m400.04 1 7 400 96 22 27
si4-r001-m400.03 1 7 400 106 23 21
si4-r001-m400.09 1 7 400 103 20 21
si4-r001-m400.05 1 7 400 178 50 51
si4-r001-m400.01 1 7 400 91 20 21
si4-r001-m400.07 1 7 400 107 21 22
si2-m4Dr6-m1296.00 1 6 1296 304 75 70
si2-m4Dr6-m1296.01 1 6 1296 531 81 77
si2-m4Dr6-m1296.09 1 6 1296 644 86 83
si2-m4Dr6-m1296.06 1 6 1296 327 85 66
si2-m4Dr6-m1296.03 1 6 1296 487 86 79
si2-m4Dr6-m1296.02 1 6 1296 303 74 65
si2-m4Dr6-m1296.05 1 6 1296 526 86 79
si2-m4Dr6-m1296.08 1 6 1296 793 93 90
si2-m4Dr6-m1296.04 1 6 1296 317 74 69
si2-m4Dr6-m1296.07 1 6 1296 292 75 74
si2-b03-m800.07 1 3 800 81 152 130
si2-b03-m800.08 1 3 800 81 150 167
si2-b03-m800.04 1 3 800 111 170 160
si2-b03-m800.05 1 3 800 81 166 164
si2-b03-m800.09 1 3 800 82 168 149
si2-b03-m800.00 1 3 800 89 143 143
si2-b03-m800.02 1 3 800 81 149 170
si2-b03-m800.03 1 3 800 81 162 143
si2-b03-m800.01 1 3 800 82 163 168
si2-b03-m800.06 1 3 800 82 148 156
si4-b03m-m200.05 1 4 200 13 11 10
si4-b03m-m200.02 1 4 200 13 16 13
si4-b03m-m200.04 1 4 200 7 10 11
si4-b03m-m200.07 1 4 200 7 11 10
si4-b03m-m200.00 1 4 200 29 19 20
si4-b03m-m200.06 1 4 200 9 14 14
si4-b03m-m200.03 1 4 200 14 10 10
si4-b03m-m200.09 1 4 200 24 18 19
si4-b03m-m200.08 1 4 200 25 17 17
si4-b03m-m200.01 1 4 200 18 18 16
si2-b06m-m200.04 1 4 200 17 11 11
si2-b06m-m200.03 1 4 200 16 12 11
si2-b06m-m200.08 1 4 200 10 10 10
si2-b06m-m200.06 1 4 200 49 21 22
si2-b06m-m200.05 1 4 200 7 8 8
si2-b06m-m200.02 1 4 200 16 12 12
si2-b06m-m200.00 1 4 200 14 11 11
si2-b06m-m200.01 1 4 200 9 10 9
si2-b06m-m200.09 1 4 200 18 11 11
si2-b06m-m200.07 1 4 200 14 10 11
si6-m4Dr4-m625.05 1 6 625 331 57 60
si6-m4Dr4-m625.09 1 6 625 314 59 59
si6-m4Dr4-m625.04 1 6 625 310 58 57
si6-m4Dr4-m625.00 1 6 625 250 51 49
si6-m4Dr4-m625.08 1 6 625 362 58 59
si6-m4Dr4-m625.06 1 6 625 423 64 65
si6-m4Dr4-m625.01 1 6 625 399 62 59
si6-m4Dr4-m625.03 1 6 625 431 60 59
si6-m4Dr4-m625.07 1 6 625 247 50 51
si6-m4Dr4-m625.02 1 6 625 316 58 62
si4-b03-m200.06 1 3 200 10 11 12
si4-b03-m200.02 1 3 200 10 11 11
si4-b03-m200.07 1 3 200 9 12 12
si4-b03-m200.04 1 3 200 12 10 11
si4-b03-m200.03 1 3 200 13 11 11
si4-b03-m200.05 1 3 200 9 12 10
si4-b03-m200.09 1 3 200 14 11 11
si4-b03-m200.01 1 3 200 15 11 11
si4-b03-m200.00 1 3 200 15 10 12
si4-b03-m200.08 1 3 200 9 11 11
si2-b03-m400.03 1 3 400 20 24 25
si2-b03-m400.06 1 3 400 20 20 28
si2-b03-m400.07 1 3 400 20 22 25
si2-b03-m400.01 1 3 400 20 28 26
si2-b03-m400.05 1 3 400 34 20 24
si2-b03-m400.09 1 3 400 21 26 24
si2-b03-m400.02 1 3 400 21 25 22
si2-b03-m400.00 1 3 400 20 22 20
si2-b03-m400.08 1 3 400 22 22 23
si2-b03-m400.04 1 3 400 20 25 25
si4-b09-m200.02 1 3 200 50 13 12
si4-b09-m200.01 1 3 200 50 12 13
si4-b09-m200.00 1 3 200 50 13 13
si4-b09-m200.09 1 3 200 50 12 14
si4-b09-m200.08 1 3 200 60 13 13
si4-b09-m200.04 1 3 200 50 14 16
si4-b09-m200.06 1 3 200 64 15 13
si4-b09-m200.05 1 3 200 62 13 15
si4-b09-m200.07 1 3 200 50 15 13
si4-b09-m200.03 1 3 200 50 13 12
si4-m4Dr4-m256.05 1 6 256 40 14 15
si4-m4Dr4-m256.09 1 6 256 47 14 15
si4-m4Dr4-m256.01 1 6 256 21 11 11
si4-m4Dr4-m256.03 1 6 256 25 11 12
si4-m4Dr4-m256.06 1 6 256 63 14 14
si4-m4Dr4-m256.07 1 6 256 42 15 14
si4-m4Dr4-m256.00 1 6 256 28 11 12
si4-m4Dr4-m256.02 1 6 256 24 11 13
si4-m4Dr4-m256.08 1 6 256 59 15 15
si4-m4Dr4-m256.04 1 6 256 25 13 12
si2-m4D-m625.01 1 5 625 122 122 103
si2-m4D-m625.00 1 5 625 118 47 47
si2-m4D-m625.08 1 5 625 96 114 126
si2-m4D-m625.04 1 5 625 111 73 76
si2-m4D-m625.09 1 5 625 392 131 128
si2-m4D-m625.02 1 5 625 174 77 99
si2-m4D-m625.05 1 5 625 237 94 116
si2-m4D-m625.06 1 5 625 192 110 122
si2-m4D-m625.07 1 5 625 103 107 120
si2-m4D-m625.03 1 5 625 134 68 62
si4-b09-m800.03 1 3 800 796 310 301
si4-b09-m800.02 1 3 800 806 303 331
si4-b09-m800.09 1 3 800 798 305 296
si4-b09-m800.06 1 3 800 951 297 298
si4-b09-m800.04 1 3 800 796 318 302
si4-b09-m800.05 1 3 800 802 298 298
si4-b09-m800.00 1 3 800 795 319 295
si4-b09-m800.01 1 3 800 810 325 284
si4-b09-m800.07 1 3 800 796 321 298
si4-b09-m800.08 1 3 800 836 310 301
si2-m4Dr4-m256.05 1 6 256 39 15 16
si2-m4Dr4-m256.02 1 6 256 24 15 14
si2-m4Dr4-m256.00 1 6 256 22 9 11
si2-m4Dr4-m256.07 1 6 256 27 14 15
si2-m4Dr4-m256.03 1 6 256 14 10 10
si2-m4Dr4-m256.06 1 6 256 33 15 15
si2-m4Dr4-m256.04 1 6 256 14 12 13
si2-m4Dr4-m256.09 1 6 256 14 11 11
si2-m4Dr4-m256.01 1 6 256 39 15 17
si2-m4Dr4-m256.08 1 6 256 45 17 18
si6-m4Dr2-m256.04 1 6 256 73 16 18
si6-m4Dr2-m256.08 1 6 256 49 17 16
si6-m4Dr2-m256.00 1 6 256 50 16 17
si6-m4Dr2-m256.07 1 6 256 93 21 22
si6-m4Dr2-m256.01 1 6 256 56 16 15
si6-m4Dr2-m256.09 1 6 256 83 17 18
si6-m4Dr2-m256.03 1 6 256 50 16 16
si6-m4Dr2-m256.05 1 6 256 31 12 13
si6-m4Dr2-m256.02 1 6 256 33 12 13
si6-m4Dr2-m256.06 1 6 256 29 12 12
si6-b06-m800.00 1 3 800 624 430 421
si6-b06-m800.05 1 3 800 626 438 415
si6-b06-m800.02 1 3 800 624 419 402
si6-b06-m800.07 1 3 800 626 439 417
si6-b06-m800.08 1 3 800 625 433 427
si6-b06-m800.09 1 3 800 638 406 436
si6-b06-m800.06 1 3 800 625 445 407
si6-b06-m800.01 1 3 800 667 421 403
si6-b06-m800.04 1 3 800 639 429 408
si6-b06-m800.03 1 3 800 637 425 424
si4-b09m-m800.06 1 4 800 501 63 64
si4-b09m-m800.01 1 4 800 389 54 53
si4-b09m-m800.02 1 4 800 1137 81 73
si4-b09m-m800.08 1 4 800 346 63 53
si4-b09m-m800.04 1 4 800 364 52 49
si4-b09m-m800.03 1 4 800 278 52 51
si4-b09m-m800.09 1 4 800 480 54 55
si4-b09m-m800.05 1 4 800 396 61 61
si4-b09m-m800.00 1 4 800 834 66 64
si4-b09m-m800.07 1 4 800 560 63 62
si2-b06-m800.04 1 3 800 217 171 159
si2-b06-m800.07 1 3 800 218 151 166
si2-b06-m800.02 1 3 800 321 175 166
si2-b06-m800.00 1 3 800 241 153 139
si2-b06-m800.03 1 3 800 223 181 160
si2-b06-m800.05 1 3 800 293 150 171
si2-b06-m800.09 1 3 800 217 162 162
si2-b06-m800.01 1 3 800 227 158 165
si2-b06-m800.08 1 3 800 219 173 158
si2-b06-m800.06 1 3 800 217 168 152
si6-m4D-m256.03 1 5 256 77 23 18
si6-m4D-m256.08 1 5 256 64 19 18
si6-m4D-m256.07 1 5 256 55 18 20
si6-m4D-m256.00 1 5 256 52 21 19
si6-m4D-m256.01 1 5 256 88 19 20
si6-m4D-m256.05 1 5 256 58 20 18
si6-m4D-m256.09 1 5 256 35 32 29
si6-m4D-m256.04 1 5 256 66 19 20
si6-m4D-m256.02 1 5 256 56 18 18
si6-m4D-m256.06 1 5 256 56 18 20
si2-b06m-m800.07 1 4 800 248 49 45
si2-b06m-m800.02 1 4 800 194 45 40
si2-b06m-m800.03 1 4 800 205 40 36
si2-b06m-m800.01 1 4 800 119 43 38
si2-b06m-m800.08 1 4 800 240 52 50
si2-b06m-m800.04 1 4 800 203 48 46
si2-b06m-m800.06 1 4 800 192 43 41
si2-b06m-m800.09 1 4 800 267 63 58
si2-b06m-m800.05 1 4 800 150 41 43
si2-b06m-m800.00 1 4 800 191 41 40
si4-b06m-m200.00 1 4 200 28 13 12
si4-b06m-m200.08 1 4 200 22 10 10
si4-b06m-m200.05 1 4 200 14 11 9
si4-b06m-m200.09 1 4 200 18 11 9
si4-b06m-m200.01 1 4 200 24 12 12
si4-b06m-m200.07 1 4 200 25 14 12
si4-b06m-m200.02 1 4 200 76 31 29
si4-b06m-m200.04 1 4 200 29 15 13
si4-b06m-m200.06 1 4 200 14 11 10
si4-b06m-m200.03 1 4 200 28 13 13
si6-r001-m400.09 1 7 400 199 24 25
si6-r001-m400.05 1 7 400 199 24 25
si6-r001-m400.00 1 7 400 214 31 27
si6-r001-m400.04 1 7 400 199 22 25
si6-r001-m400.07 1 7 400 200 23 24
si6-r001-m400.06 1 7 400 198 25 27
si6-r001-m400.02 1 7 400 196 23 27
si6-r001-m400.03 1 7 400 203 22 24
si6-r001-m400.08 1 7 400 191 31 33
si6-r001-m400.01 1 7 400 215 27 28
si6-m4D-m625.00 1 5 625 259 56 57
si6-m4D-m625.07 1 5 625 236 192 207
si6-m4D-m625.05 1 5 625 186 197 189
si6-m4D-m625.08 1 5 625 262 56 53
si6-m4D-m625.02 1 5 625 264 56 55
si6-m4D-m625.03 1 5 625 3436 293 306
si6-m4D-m625.04 1 5 625 259 55 56
si6-m4D-m625.09 1 5 625 215 191 247
si6-m4D-m625.01 1 5 625 280 57 55
si6-m4D-m625.06 1 5 625 177 145 123
si6-b09m-m800.02 1 4 800 752 86 84
si6-b09m-m800.09 1 4 800 510 78 77
si6-b09m-m800.04 1 4 800 609 77 78
si6-b09m-m800.07 1 4 800 1449 102 97
si6-b09m-m800.00 1 4 800 437 78 75
si6-b09m-m800.05 1 4 800 901 89 87
si6-b09m-m800.03 1 4 800 589 79 77
si6-b09m-m800.01 1 4 800 636 76 84
si6-b09m-m800.06 1 4 800 959 90 88
si6-b09m-m800.08 1 4 800 921 103 88
si4-m4Dr6-m1296.01 1 6 1296 630 126 111
si4-m4Dr6-m1296.07 1 6 1296 1276 129 126
si4-m4Dr6-m1296.06 1 6 1296 640 117 112
si4-m4Dr6-m1296.02 1 6 1296 1076 131 126
si4-m4Dr6-m1296.08 1 6 1296 1050 133 128
si4-m4Dr6-m1296.03 1 6 1296 636 119 108
si4-m4Dr6-m1296.00 1 6 1296 1402 132 124
si4-m4Dr6-m1296.09 1 6 1296 664 123 106
si4-m4Dr6-m1296.05 1 6 1296 614 126 110
si4-m4Dr6-m1296.04 1 6 1296 1094 133 126
si2-b06-m400.09 1 3 400 56 25 24
si2-b06-m400.02 1 3 400 58 26 25
si2-b06-m400.00 1 3 400 88 25 28
si2-b06-m400.03 1 3 400 64 24 25
si2-b06-m400.07 1 3 400 62 28 28
si2-b06-m400.04 1 3 400 59 26 24
si2-b06-m400.05 1 3 400 59 29 25
si2-b06-m400.01 1 3 400 94 22 23
si2-b06-m400.08 1 3 400 58 24 24
si2-b06-m400.06 1 3 400 56 26 27
si4-r01-m200.01 1 7 200 536 215 139
si4-r01-m200.08 1 7 200 11681 956 1133
si4-r01-m200.03 1 7 200 1100 291 203
si4-r01-m200.04 1 7 200 991 265 205
si4-r01-m200.07 1 7 200 1086 353 303
si4-r01-m200.02 1 7 200 2070 254 240
si4-r01-m200.05 1 7 200 869 175 134
si4-r01-m200.06 1 7 200 535 156 182
si4-r01-m200.00 1 7 200 3872 551 417
si4-r01-m200.09 1 7 200 1184 228 256
si2-r001-m400.06 1 7 400 89 24 53
si2-r001-m400.08 1 7 400 56 35 33
si2-r001-m400.09 1 7 400 8681 81 30
si2-r001-m400.01 1 7 400 51 28 24
si2-r001-m400.03 1 7 400 61 50 51
si2-r001-m400.04 1 7 400 6067 24 24
si2-r001-m400.05 1 7 400 121 28 27
si2-r001-m400.02 1 7 400 47 31 33
si2-r001-m400.00 1 7 400 58 33 47
si2-r001-m400.07 1 7 400 61 28 28
si4-b03m-m800.03 1 4 800 163 57 54
si4-b03m-m800.05 1 4 800 108 51 48
si4-b03m-m800.06 1 4 800 287 73 67
si4-b03m-m800.01 1 4 800 246 71 63
si4-b03m-m800.08 1 4 800 152 55 53
si4-b03m-m800.09 1 4 800 138 57 55
si4-b03m-m800.00 1 4 800 163 56 54
si4-b03m-m800.02 1 4 800 116 52 50
si4-b03m-m800.07 1 4 800 153 57 55
si4-b03m-m800.04 1 4 800 197 53 52
si2-r01-m200.03 1 7 200 135683 6637 18460
si2-r01-m200.00 1 7 200 1728 194 153
si2-r01-m200.05 1 7 200 959 387 245
si2-r01-m200.01 1 7 200 5039 756 683
si2-r01-m200.08 1 7 200 119 94 102
si2-r01-m200.06 1 7 200 26817 2286 2954
si2-r01-m200.09 1 7 200 21016 2214 1811
si2-r01-m200.02 1 7 200 1559 422 390
si2-r01-m200.07 1 7 200 3596 642 435
si2-r01-m200.04 1 7 200 420 190 150
si2-r01-m400.04 1 7 400 22311 6593 8037
si2-r01-m400.00 1 7 400 54575 1396 1949
si2-r01-m400.07 1 7 400 713271 68399 56000
si2-r01-m400.09 1 7 400 121123 10635 8745
si2-r01-m400.01 1 7 400 57864 8492 7081
si2-r01-m400.03 1 7 400 4294 4417 2757
si2-r01-m400.02 1 7 400 73474 14236 18156
si2-r01-m400.05 1 7 400 179522 22229 21375
si2-r01-m400.06 1 7 400 55072 16480 16401
si2-r01-m400.08 1 7 400 18197 7715 8073
si4-m4D-m625.09 1 5 625 178 53 50
si4-m4D-m625.03 1 5 625 205 50 60
si4-m4D-m625.07 1 5 625 135 190 178
si4-m4D-m625.02 1 5 625 376 121 142
si4-m4D-m625.00 1 5 625 189 51 51
si4-m4D-m625.01 1 5 625 182 188 191
si4-m4D-m625.04 1 5 625 155 42 41
si4-m4D-m625.06 1 5 625 182 53 49
si4-m4D-m625.08 1 5 625 129 227 168
si4-m4D-m625.05 1 5 625 288 55 62
si6-m4Dr6-m256.05 1 6 256 40 14 13
si6-m4Dr6-m256.04 1 6 256 80 18 17
si6-m4Dr6-m256.03 1 6 256 37 13 14
si6-m4Dr6-m256.02 1 6 256 57 12 15
si6-m4Dr6-m256.08 1 6 256 40 13 13
si6-m4Dr6-m256.00 1 6 256 80 15 17
si6-m4Dr6-m256.09 1 6 256 60 17 17
si6-m4Dr6-m256.07 1 6 256 72 16 17
si6-m4Dr6-m256.06 1 6 256 57 16 18
si6-m4Dr6-m256.01 1 6 256 102 18 16
si6-b09-m400.07 1 3 400 304 133 136
si6-b09-m400.03 1 3 400 304 133 133
si6-b09-m400.04 1 3 400 305 133 134
si6-b09-m400.06 1 3 400 348 135 129
si6-b09-m400.05 1 3 400 313 135 133
si6-b09-m400.09 1 3 400 305 135 137
si6-b09-m400.02 1 3 400 305 129 134
si6-b09-m400.01 1 3 400 306 129 131
si6-b09-m400.08 1 3 400 304 133 135
si6-b09-m400.00 1 3 400 473 130 137
si6-b06-m400.03 1 3 400 161 125 130
si6-b06-m400.08 1 3 400 160 129 120
si6-b06-m400.07 1 3 400 179 125 129
si6-b06-m400.04 1 3 400 160 126 127
si6-b06-m400.05 1 3 400 172 127 126
si6-b06-m400.06 1 3 400 216 128 129
si6-b06-m400.02 1 3 400 160 127 129
si6-b06-m400.01 1 3 400 176 128 128
si6-b06-m400.00 1 3 400 160 130 131
si6-b06-m400.09 1 3 400 161 130 131
si6-b03m-m200.04 1 4 200 50 21 22
si6-b03m-m200.07 1 4 200 10 11 11
si6-b03m-m200.08 1 4 200 12 12 11
si6-b03m-m200.02 1 4 200 14 13 13
si6-b03m-m200.03 1 4 200 23 14 14
si6-b03m-m200.06 1 4 200 14 13 14
si6-b03m-m200.01 1 4 200 16 13 12
si6-b03m-m200.09 1 4 200 17 16 17
si6-b03m-m200.00 1 4 200 13 12 11
si6-b03m-m200.05 1 4 200 15 14 14
si4-b06-m800.04 1 3 800 417 315 277
si4-b06-m800.00 1 3 800 421 290 306
si4-b06-m800.08 1 3 800 418 313 293
si4-b06-m800.05 1 3 800 417 295 295
si4-b06-m800.03 1 3 800 417 316 292
si4-b06-m800.06 1 3 800 417 313 286
si4-b06-m800.07 1 3 800 560 319 290
si4-b06-m800.01 1 3 800 419 317 299
si4-b06-m800.02 1 3 800 422 295 283
si4-b06-m800.09 1 3 800 419 308 301
si6-b09m-m200.07 1 4 200 60 15 15
si6-b09m-m200.06 1 4 200 58 13 11
si6-b09m-m200.01 1 4 200 109 19 17
si6-b09m-m200.08 1 4 200 47 12 13
si6-b09m-m200.00 1 4 200 98 18 19
si6-b09m-m200.09 1 4 200 86 16 19
si6-b09m-m200.02 1 4 200 135 17 19
si6-b09m-m200.05 1 4 200 105 22 24
si6-b09m-m200.03 1 4 200 41 13 11
si6-b09m-m200.04 1 4 200 69 16 14
si4-b09m-m400.07 1 4 400 192 29 23
si4-b09m-m400.06 1 4 400 201 24 23
si4-b09m-m400.00 1 4 400 100 18 18
si4-b09m-m400.08 1 4 400 110 18 19
si4-b09m-m400.04 1 4 400 116 19 19
si4-b09m-m400.09 1 4 400 98 19 24
si4-b09m-m400.02 1 4 400 165 23 28
si4-b09m-m400.03 1 4 400 119 19 19
si4-b09m-m400.01 1 4 400 98 18 21
si4-b09m-m400.05 1 4 400 163 23 23
si6-m4Dr4-m1296.03 1 6 1296 1593 202 190
si6-m4Dr4-m1296.06 1 6 1296 1660 209 190
si6-m4Dr4-m1296.04 1 6 1296 1402 197 192
si6-m4Dr4-m1296.01 1 6 1296 900 182 177
si6-m4Dr4-m1296.09 1 6 1296 1404 197 199
si6-m4Dr4-m1296.02 1 6 1296 1044 184 179
si6-m4Dr4-m1296.08 1 6 1296 881 177 176
si6-m4Dr4-m1296.05 1 6 1296 1059 181 177
si6-m4Dr4-m1296.07 1 6 1296 2051 205 197
si6-m4Dr4-m1296.00 1 6 1296 779 184 173
si6-b06-m200.09 1 3 200 45 24 27
si6-b06-m200.03 1 3 200 48 19 27
si6-b06-m200.05 1 3 200 40 27 27
si6-b06-m200.00 1 3 200 45 29 26
si6-b06-m200.08 1 3 200 41 29 24
si6-b06-m200.02 1 3 200 40 25 27
si6-b06-m200.06 1 3 200 43 27 25
si6-b06-m200.04 1 3 200 40 26 25
si6-b06-m200.01 1 3 200 42 25 27
si6-b06-m200.07 1 3 200 57 27 28
si4-m4Dr6-m625.02 1 6 625 224 40 37
si4-m4Dr6-m625.06 1 6 625 325 48 44
si4-m4Dr6-m625.03 1 6 625 150 43 40
si4-m4Dr6-m625.07 1 6 625 174 38 38
si4-m4Dr6-m625.08 1 6 625 129 41 37
si4-m4Dr6-m625.09 1 6 625 149 42 38
si4-m4Dr6-m625.00 1 6 625 142 39 38
si4-m4Dr6-m625.01 1 6 625 140 38 41
si4-m4Dr6-m625.05 1 6 625 140 38 38
si4-m4Dr6-m625.04 1 6 625 246 46 43
si6-b06m-m200.09 1 4 200 37 13 13
si6-b06m-m200.02 1 4 200 17 10 10
si6-b06m-m200.05 1 4 200 29 14 15
si6-b06m-m200.00 1 4 200 30 14 12
si6-b06m-m200.07 1 4 200 79 28 26
si6-b06m-m200.04 1 4 200 29 12 13
si6-b06m-m200.08 1 4 200 29 14 12
si6-b06m-m200.06 1 4 200 16 13 10
si6-b06m-m200.03 1 4 200 51 21 21
si6-b06m-m200.01 1 4 200 56 19 18
si6-m4Dr4-m256.05 1 6 256 132 23 22
si6-m4Dr4-m256.03 1 6 256 131 18 19
si6-m4Dr4-m256.02 1 6 256 71 17 17
si6-m4Dr4-m256.01 1 6 256 59 17 17
si6-m4Dr4-m256.08 1 6 256 40 13 14
si6-m4Dr4-m256.09 1 6 256 37 12 15
si6-m4Dr4-m256.07 1 6 256 68 16 15
si6-m4Dr4-m256.06 1 6 256 66 16 17
si6-m4Dr4-m256.04 1 6 256 103 18 20
si6-m4Dr4-m256.00 1 6 256 69 15 17
si4-r001-m600.01 1 7 600 473 65 74
si4-r001-m600.08 1 7 600 540 147 155
si4-r001-m600.02 1 7 600 546 126 122
si4-r001-m600.07 1 7 600 472 51 48
si4-r001-m600.05 1 7 600 491 72 69
si4-r001-m600.06 1 7 600 792 102 92
si4-r001-m600.00 1 7 600 504 62 64
si4-r001-m600.04 1 7 600 591 64 62
si4-r001-m600.09 1 7 600 474 94 108
si4-r001-m600.03 1 7 600 464 129 114
si2-b09m-m200.08 1 4 200 53 18 20
si2-b09m-m200.06 1 4 200 21 10 10
si2-b09m-m200.03 1 4 200 29 14 15
si2-b09m-m200.09 1 4 200 14 11 12
si2-b09m-m200.04 1 4 200 33 13 14
si2-b09m-m200.00 1 4 200 51 18 20
si2-b09m-m200.01 1 4 200 21 11 11
si2-b09m-m200.05 1 4 200 15 11 11
si2-b09m-m200.07 1 4 200 25 14 14
si2-b09m-m200.02 1 4 200 25 14 14
si6-b03-m200.01 1 3 200 19 25 25
si6-b03-m200.03 1 3 200 15 25 29
si6-b03-m200.04 1 3 200 23 29 26
si6-b03-m200.08 1 3 200 18 24 27
si6-b03-m200.07 1 3 200 13 26 27
si6-b03-m200.09 1 3 200 14 30 29
si6-b03-m200.05 1 3 200 15 27 28
si6-b03-m200.02 1 3 200 14 24 27
si6-b03-m200.06 1 3 200 13 27 26
si6-b03-m200.00 1 3 200 13 27 26
si6-b09-m200.09 1 3 200 112 29 33
si6-b09-m200.06 1 3 200 76 30 34
si6-b09-m200.08 1 3 200 115 27 26
si6-b09-m200.03 1 3 200 89 31 31
si6-b09-m200.00 1 3 200 75 29 30
si6-b09-m200.02 1 3 200 90 24 30
si6-b09-m200.07 1 3 200 100 30 25
si6-b09-m200.04 1 3 200 76 28 33
si6-b09-m200.01 1 3 200 76 24 29
si6-b09-m200.05 1 3 200 82 30 31
g10-g11 0 2 42 1 6 6
g10-g12 0 2 48 1 8 7
g10-g13 0 2 49 2 7 7
g10-g14 0 2 50 1 7 7
g10-g15 0 2 50 6 10 9
g10-g16 0 2 53 16 17 15
g10-g20 1 2 64 12 22 20
g10-g21 1 2 64 81 220 201
g10-g22 0 2 67 19 15 15
g10-g23 0 2 73 330485 50082 65985
g10-g25 0 2 75 1 7 7
g10-g26 0 2 80 1136407 89628 70783
g10-g27 1 2 86 3440473 73198 140541
g10-g28 0 2 97 1 6 7
g10-g29 1 2 100 12 18 15
g10-g30 1 2 100 17 17 16
g10-g31 1 2 100 14 18 20
g10-g32 1 2 100 605 1395 1216
g10-g33 0 2 101 7 8 10
g10-g37 0 2 120 14242 950 1944
g10-g38 0 2 121 3 7 7
g10-g40 1 2 121 185 347 323
g10-g41 0 2 128 6 8 8
g10-g42 0 2 128 20 26 17
g10-g43 1 2 128 383 19 20
g10-g44 1 2 128 26 20 19
g10-g45 1 2 128 22 18 19
g10-g46 1 2 128 3474 118 213
g10-g47 1 2 128 3806 79 81
g10-g48 1 2 128 181 29 27
g10-g49 1 2 128 405 25 16
g10-g50 1 2 128 147 203 224
g11-g12 0 2 48 2 7 8
g11-g13 0 2 49 2 7 7
g11-g14 0 2 50 1 7 7
g11-g15 0 2 50 3 7 8
g11-g16 0 2 53 2 6 7
g11-g20 1 2 64 258 26 33
g11-g21 1 2 64 83 169 199
g11-g22 0 2 67 2 7 7
g11-g23 0 2 73 12 11 13
g11-g25 0 2 75 3 7 8
g11-g26 0 2 80 7 10 11
g11-g27 0 2 86 71785 4477 8623
g11-g28 0 2 97 1 7 7
g11-g29 0 2 100 3976 552 472
g11-g30 0 2 100 3589 503 457
g11-g31 0 2 100 24422 2901 2012
g11-g32 1 2 100 607 1386 1257
g11-g33 0 2 101 4 7 7
g11-g37 0 2 120 11 12 11
g11-g38 0 2 121 5 10 10
g11-g40 1 2 121 187 359 308
g11-g41 0 2 128 3 7 7
g11-g42 0 2 128 8 8 9
g11-g43 1 2 128 100000000 13380 5331
g11-g44 0 2 128 16993 1623 1852
g11-g45 0 2 128 16784 1705 1858
g11-g46 0 2 128 97 84 55
g11-g47 0 2 128 95 89 52
g11-g48 0 2 128 214 157 102
g11-g49 0 2 128 4998968 329960 350577
g11-g50 1 2 128 158 233 223
g12-g20 0 2 64 27 27 21
g12-g21 1 2 64 81 199 167
g12-g23 0 2 73 4 10 11
g12-g26 0 2 80 5 10 9
g12-g27 0 2 86 6 9 11
g12-g29 0 2 100 19 19 20
g12-g30 0 2 100 19 19 17
g12-g31 0 2 100 33 28 25
g12-g32 1 2 100 612 1195 1421
g12-g38 0 2 121 3 8 9
g12-g40 1 2 121 261 336 299
g12-g43 0 2 128 20 17 19
g12-g44 0 2 128 52 23 24
g12-g45 0 2 128 37 22 23
g12-g46 0 2 128 13 11 13
g12-g47 0 2 128 19 13 13
g12-g48 0 2 128 17 15 16
g12-g50 1 2 128 153 215 233
g13-g15 1 2 50 5 9 9
g13-g20 0 2 64 118 96 68
g13-g21 1 2 64 81 201 184
g13-g23 0 2 73 8 11 11
g13-g25 0 2 75 1 7 7
g13-g26 0 2 80 7 11 10
g13-g27 0 2 86 137 78 66
g13-g29 0 2 100 18 18 19
g13-g30 0 2 100 18 17 23
g13-g31 0 2 100 23 23 20
g13-g32 1 2 100 631 1284 1245
g13-g38 0 2 121 2 9 9
g13-g40 1 2 121 192 339 284
g13-g43 1 2 128 2007594 22 22
g13-g44 0 2 128 36 24 22
g13-g45 0 2 128 35 22 23
g13-g46 0 2 128 18 11 12
g13-g47 0 2 128 18 12 12
g13-g48 0 2 128 20 12 13
g13-g49 0 2 128 37 25 23
g13-g50 1 2 128 155 253 231
g14-g15 0 2 50 3 8 7
g14-g20 0 2 64 662 118 106
g14-g21 1 2 64 96 189 180
g14-g23 0 2 73 5 10 10
g14-g25 0 2 75 1 6 6
g14-g26 0 2 80 12 12 10
g14-g27 1 2 86 53 24 19
g14-g29 0 2 100 17 18 22
g14-g30 0 2 100 17 19 21
g14-g31 0 2 100 20 19 20
g14-g32 1 2 100 605 1225 1380
g14-g38 0 2 121 3 9 9
g14-g40 1 2 121 190 337 307
g14-g43 1 2 128 21 16 17
g14-g44 0 2 128 34 22 20
g14-g45 0 2 128 31 21 28
g14-g46 0 2 128 20 14 11
g14-g47 0 2 128 17 12 13
g14-g48 0 2 128 25 14 14
g14-g49 1 2 128 459 792 838
g14-g50 1 2 128 152 225 241
g15-g20 0 2 64 25 20 20
g15-g21 1 2 64 82 206 183
g15-g23 0 2 73 8 10 10
g15-g25 0 2 75 2 7 7
g15-g26 0 2 80 8 11 10
g15-g27 0 2 86 13 18 17
g15-g29 0 2 100 25 17 20
g15-g30 0 2 100 18 16 16
g15-g31 0 2 100 21 23 22
g15-g32 1 2 100 609 1281 1397
g15-g38 0 2 121 2 8 9
g15-g40 1 2 121 195 357 294
g15-g43 1 2 128 704968 27 91
g15-g44 0 2 128 34 19 19
g15-g45 0 2 128 34 19 19
g15-g46 0 2 128 16 11 11
g15-g47 0 2 128 22 13 12
g15-g48 0 2 128 20 16 12
g15-g49 0 2 128 48 27 26
g15-g50 1 2 128 186 223 213
g16-g20 0 2 64 569627 32006 31198
g16-g21 1 2 64 85 189 203
g16-g22 0 2 67 2 8 7
g16-g23 0 2 73 12 12 10
g16-g25 0 2 75 2 7 7
g16-g26 0 2 80 16 10 10
g16-g27 0 2 86 22944 1424 7347
g16-g28 0 2 97 1 7 6
g16-g29 0 2 100 61 49 33
g16-g30 0 2 100 60 45 32
g16-g31 0 2 100 188 79 53
g16-g32 1 2 100 615 1340 1368
g16-g33 0 2 101 3 8 8
g16-g37 1 2 120 36 13 12
g16-g38 0 2 121 2 8 7
g16-g40 1 2 121 213 291 353
g16-g43 -1 2 128 100000000 100000000 100000000
g16-g44 0 2 128 143 82 52
g16-g45 0 2 128 191 77 86
g16-g46 0 2 128 26 16 15
g16-g47 0 2 128 26 16 17
g16-g48 0 2 128 45 18 22
g16-g49 0 2 128 50509 16346 3244
g16-g50 1 2 128 162 226 227
g17-g18 1 2 64 3 10 9
g17-g19 0 2 64 10 11 10
g17-g20 1 2 64 9 21 19
g17-g21 1 2 64 78 199 181
g17-g22 0 2 67 6 8 7
g17-g23 0 2 73 4 10 10
g17-g24 0 2 75 1 7 7
g17-g25 0 2 75 3 7 7
g17-g26 0 2 80 4 8 6
g17-g27 -1 2 86 100000000 100000000 100000000
g17-g28 0 2 97 1 6 6
g17-g29 1 2 100 12 18 24
g17-g30 1 2 100 13 17 19
g17-g31 1 2 100 20 20 22
g17-g32 1 2 100 605 1250 1374
g17-g33 0 2 101 59 34 26
g17-g34 0 2 120 4 7 7
g17-g35 0 2 120 16 13 14
g17-g36 0 2 120 15 9 10
g17-g37 1 2 120 7898 1143 735
g17-g38 0 2 121 5 7 8
g17-g39 1 2 121 10 10 10
g17-g40 1 2 121 185 349 301
g17-g41 0 2 128 106 34 27
g17-g42 0 2 128 4158 312 591
g17-g43 1 2 128 100000000 33 39
g17-g44 1 2 128 30 17 27
g17-g45 1 2 128 34 19 20
g17-g46 1 2 128 17 15 14
g17-g47 1 2 128 21 16 15
g17-g48 1 2 128 15 17 18
g17-g49 1 2 128 15 17 20
g17-g50 1 2 128 147 230 212
g18-g19 0 2 64 4 8 7
g18-g20 1 2 64 4888 379 696
g18-g21 1 2 64 79 193 182
g18-g22 0 2 67 7 6 7
g18-g23 0 2 73 5 9 9
g18-g24 0 2 75 1 6 6
g18-g25 0 2 75 3 7 6
g18-g26 0 2 80 7 8 8
g18-g27 0 2 86 7 13 10
g18-g28 0 2 97 1 7 7
g18-g29 1 2 100 64 33 22
g18-g30 1 2 100 30 27 46
g18-g31 1 2 100 36 22 25
g18-g32 1 2 100 606 1237 1385
g18-g33 0 2 101 50 31 27
g18-g34 0 2 120 3 7 7
g18-g35 0 2 120 14 10 10
g18-g36 0 2 120 5 7 7
g18-g37 0 2 120 58734 5853 5218
g18-g38 0 2 121 5 9 7
g18-g39 0 2 121 19 12 12
g18-g40 1 2 121 188 342 300
g18-g41 0 2 128 170 43 41
g18-g42 0 2 128 583 101 93
g18-g43 -1 2 128 100000000 100000000 100000000
g18-g44 1 2 128 3165826 200346 262467
g18-g45 1 2 128 100000000 95327 272552
g18-g46 -1 2 128 100000000 100000000 100000000
g18-g47 -1 2 128 100000000 100000000 100000000
g18-g48 1 2 128 100000000 65406635 100000000
g18-g49 -1 2 128 100000000 100000000 100000000
g18-g50 1 2 128 150 220 207
g19-g20 1 2 64 100000000 20771335 18669805
g19-g21 1 2 64 83 207 168
g19-g22 0 2 67 2 7 7
g19-g23 0 2 73 9 8 7
g19-g25 0 2 75 2 7 7
g19-g26 0 2 80 6 9 7
g19-g27 0 2 86 450377 30286 45939
g19-g28 0 2 97 1 7 7
g19-g29 0 2 100 16592258 1572941 1674095
g19-g30 0 2 100 12992059 685373 1288867
g19-g31 -1 2 100 100000000 100000000 100000000
g19-g32 1 2 100 638 1207 1417
g19-g33 0 2 101 3 7 8
g19-g35 0 2 120 4 7 8
g19-g37 0 2 120 50 23 24
g19-g38 0 2 121 2 9 7
g19-g40 1 2 121 195 338 298
g19-g41 0 2 128 5 8 7
g19-g42 0 2 128 13 10 9
g19-g43 0 2 128 6213344 557014 385147
g19-g44 0 2 128 100000000 53673915 14026118
g19-g45 0 2 128 100000000 13513280 19733955
g19-g46 0 2 128 11754 1349 1627
g19-g47 0 2 128 11511 1532 820
g19-g48 0 2 128 47559 6424 6848
g19-g49 0 2 128 75094 4396 19481
g19-g50 1 2 128 157 214 217
g2-g10 1 2 41 1 10 10
g2-g11 1 2 42 1 10 11
g2-g12 1 2 48 1 11 10
g2-g13 1 2 49 1 9 11
g2-g14 1 2 50 1 10 10
g2-g15 1 2 50 2 11 12
g2-g16 1 2 53 2 10 10
g2-g17 1 2 64 0 9 9
g2-g18 1 2 64 1 8 8
g2-g19 1 2 64 1 10 8
g2-g20 1 2 64 6 18 21
g2-g21 1 2 64 74 176 188
g2-g22 1 2 67 1 8 10
g2-g23 1 2 73 4 11 11
g2-g24 0 2 75 2 12 12
g2-g25 1 2 75 1 12 11
g2-g26 1 2 80 4 11 12
g2-g27 1 2 86 7 14 13
g2-g28 1 2 97 2 13 12
g2-g29 1 2 100 7 18 15
g2-g3 0 2 10 0 11 9
g2-g30 1 2 100 8 18 18
g2-g31 1 2 100 10 21 20
g2-g32 1 2 100 596 1473 1345
g2-g33 1 2 101 3 9 10
g2-g34 1 2 120 1 9 8
g2-g35 1 2 120 3 9 10
g2-g36 1 2 120 2 10 10
g2-g37 1 2 120 6 12 11
g2-g38 1 2 121 2 12 14
g2-g39 1 2 121 2 10 10
g2-g4 1 2 10 0 9 8
g2-g40 1 2 121 183 303 349
g2-g41 1 2 128 3 9 9
g2-g42 1 2 128 3 9 9
g2-g43 1 2 128 9 16 17
g2-g44 1 2 128 12 17 19
g2-g45 1 2 128 15 18 18
g2-g46 1 2 128 7 14 14
g2-g47 1 2 128 7 14 15
g2-g48 1 2 128 11 16 16
g2-g49 1 2 128 11 15 14
g2-g5 1 2 11 0 7 8
g2-g50 1 2 128 141 235 229
g2-g6 1 2 19 0 10 11
g2-g7 1 2 20 0 9 8
g2-g8 1 2 30 0 10 11
g2-g9 1 2 37 0 11 11
g20-g21 1 2 64 139 216 191
g20-g23 0 2 73 8 16 19
g20-g26 0 2 80 7 17 15
g20-g27 0 2 86 9 18 18
g20-g29 0 2 100 13 23 22
g20-g30 0 2 100 13 20 21
g20-g31 0 2 100 16 24 23
g20-g32 1 2 100 645 1237 1393
g20-g38 0 2 121 9 16 16
g20-g40 -1 2 121 100000000 100000000 100000000
g20-g43 0 2 128 12 20 20
g20-g44 0 2 128 14 17 18
g20-g45 0 2 128 15 38 18
g20-g48 0 2 128 13 20 20
g20-g50 -1 2 128 100000000 100000000 100000000
g21-g27 0 2 86 78 172 165
g21-g32 1 2 100 766 1346 1520
g21-g40 0 2 121 280 462 437
g21-g50 0 2 128 266 335 317
g22-g23 0 2 73 7 8 8
g22-g25 0 2 75 3 7 8
g22-g26 0 2 80 6 9 8
g22-g27 0 2 86 36 22 20
g22-g28 0 2 97 1 8 7
g22-g29 0 2 100 38 19 21
g22-g30 0 2 100 24 19 20
g22-g31 0 2 100 29 22 29
g22-g32 1 2 100 613 1333 1418
g22-g33 0 2 101 6 10 9
g22-g37 1 2 120 18 11 13
g22-g38 0 2 121 3 7 8
g22-g40 1 2 121 196 309 357
g22-g43 -1 2 128 100000000 100000000 100000000
g22-g44 0 2 128 47 22 23
g22-g45 0 2 128 45 21 24
g22-g46 0 2 128 25 14 14
g22-g47 0 2 128 25 14 15
g22-g48 0 2 128 27 16 17
g22-g49 0 2 128 100000000 21617656 13102528
g22-g50 1 2 128 166 207 218
g23-g27 0 2 86 21 11 11
g23-g32 1 2 100 632 1418 1182
g23-g40 1 2 121 61582 355 350
g23-g50 1 2 128 173 233 215
g24-g25 0 2 75 2 7 7
g24-g26 1 2 80 5 11 12
g24-g27 1 2 86 7 13 14
g24-g28 0 2 97 2 8 8
g24-g29 0 2 100 5884 4952 885
g24-g30 0 2 100 6866 3750 3991
g24-g31 0 2 100 52919 23457 13259
g24-g32 1 2 100 606 1260 1354
g24-g33 0 2 101 3 8 8
g24-g35 0 2 120 5 8 7
g24-g36 0 2 120 5 7 8
g24-g37 1 2 120 9 11 11
g24-g38 0 2 121 5 9 9
g24-g39 0 2 121 3 9 8
g24-g40 1 2 121 183 354 312
g24-g41 0 2 128 3 7 8
g24-g42 1 2 128 5 11 10
g24-g43 1 2 128 13 24 17
g24-g44 0 2 128 22 26 23
g24-g45 0 2 128 24 23 23
g24-g46 0 2 128 10 13 14
g24-g47 0 2 128 10 16 14
g24-g48 0 2 128 95 31 44
g24-g49 1 2 128 11 15 19
g24-g50 1 2 128 144 224 221
g25-g26 1 2 80 6 11 10
g25-g27 0 2 86 362 67 70
g25-g29 0 2 100 15 18 20
g25-g30 0 2 100 17 18 20
g25-g31 0 2 100 16 23 17
g25-g32 1 2 100 603 1423 1245
g25-g38 0 2 121 3 9 9
g25-g40 1 2 121 187 301 362
g25-g43 1 2 128 207 20 17
g25-g44 0 2 128 23 18 19
g25-g45 0 2 128 23 19 18
g25-g46 0 2 128 12 12 12
g25-g47 0 2 128 12 12 11
g25-g48 0 2 128 21 14 15
g25-g49 1 2 128 15 18 16
g25-g50 1 2 128 148 219 205
g26-g27 0 2 86 16 10 14
g26-g32 1 2 100 665 1214 1423
g26-g40 1 2 121 219 340 303
g26-g50 1 2 128 181 207 224
g27-g32 1 2 100 650 1367 1241
g27-g50 1 2 128 352 234 250
g28-g29 1 2 100 12 18 20
g28-g30 1 2 100 12 17 20
g28-g31 1 2 100 13 21 19
g28-g32 1 2 100 604 1265 1326
g28-g33 0 2 101 3 7 7
g28-g37 1 2 120 100000000 100000000 7278
g28-g38 0 2 121 2 8 8
g28-g40 1 2 121 190 361 298
g28-g43 1 2 128 100000000 71 21
g28-g44 1 2 128 21 22 19
g28-g45 1 2 128 22 27 20
g28-g46 1 2 128 18 13 18
g28-g47 1 2 128 20 16 16
g28-g48 1 2 128 19 14 15
g28-g49 1 2 128 100000000 201 629
g28-g50 1 2 128 147 224 232
g29-g30 0 2 100 17 21 21
g29-g31 1 2 100 53 24 26
g29-g32 1 2 100 687 1281 1294
g29-g40 -1 2 121 100000000 100000000 100000000
g29-g44 0 2 128 20 37 19
g29-g45 0 2 128 19 19 18
g29-g50 0 2 128 221 232 226
g3-g10 0 2 41 5 22 21
g3-g11 0 2 42 1 9 11
g3-g12 0 2 48 1 9 9
g3-g13 1 2 49 2 13 13
g3-g14 1 2 50 2 10 10
g3-g15 1 2 50 2 10 11
g3-g16 1 2 53 3 12 10
g3-g17 0 2 64 1 8 9
g3-g18 0 2 64 0 7 7
g3-g19 0 2 64 2 9 10
g3-g20 1 2 64 6 18 21
g3-g21 1 2 64 75 174 208
g3-g22 1 2 67 3 11 12
g3-g23 1 2 73 3 11 12
g3-g24 0 2 75 1 9 8
g3-g25 1 2 75 1 11 11
g3-g26 1 2 80 5 11 11
g3-g27 1 2 86 6 13 14
g3-g28 0 2 97 1 7 6
g3-g29 1 2 100 9 18 17
g3-g30 1 2 100 11 23 15
g3-g31 1 2 100 12 20 30
g3-g32 1 2 100 622 1396 1317
g3-g33 0 2 101 7 35 24
g3-g34 0 2 120 1 7 7
g3-g35 1 2 120 6 15 13
g3-g36 0 2 120 4 17 14
g3-g37 1 2 120 5 11 11
g3-g38 0 2 121 2 9 9
g3-g39 0 2 121 7 33 24
g3-g4 1 2 10 0 10 7
g3-g40 1 2 121 180 287 372
g3-g41 0 2 128 15 39 25
g3-g42 1 2 128 5 13 13
g3-g43 1 2 128 21 24 26
g3-g44 1 2 128 12 17 16
g3-g45 1 2 128 18 25 18
g3-g46 1 2 128 10 16 14
g3-g47 1 2 128 10 14 22
g3-g48 1 2 128 8 23 15
g3-g49 1 2 128 8 15 18
g3-g5 0 2 11 0 8 7
g3-g50 1 2 128 143 218 237
g3-g6 0 2 19 0 10 9
g3-g7 0 2 20 0 7 7
g3-g8 0 2 30 1 16 13
g3-g9 0 2 37 1 11 12
g30-g31 0 2 100 51 21 21
g30-g32 0 2 100 696 1261 1279
g30-g40 0 2 121 276 335 330
g30-g44 0 2 128 19 18 21
g30-g45 0 2 128 25 17 18
g30-g50 0 2 128 216 234 228
g31-g32 1 2 100 692 1294 1306
g31-g40 -1 2 121 100000000 100000000 100000000
g31-g50 0 2 128 181 235 241
g33-g37 0 2 120 76 19 16
g33-g38 0 2 121 5 7 8
g33-g40 1 2 121 209 350 306
g33-g43 0 2 128 24 12 11
g33-g44 0 2 128 48722 2928 5291
g33-g45 0 2 128 43665 4648 4939
g33-g46 0 2 128 45 22 20
g33-g47 0 2 128 47 21 28
g33-g48 0 2 128 85 36 26
g33-g49 0 2 128 1705280 109389 211112
g33-g50 1 2 128 100000000 230 235
g34-g35 0 2 120 12 7 8
g34-g36 0 2 120 17 8 7
g34-g37 0 2 120 1239950 66853 128204
g34-g38 0 2 121 9 9 8
g34-g39 0 2 121 18 8 7
g34-g40 1 2 121 195 336 335
g34-g41 0 2 128 36 11 11
g34-g42 0 2 128 189 58 46
g34-g43 0 2 128 19 12 18
g34-g44 0 2 128 23 12 22
g34-g45 0 2 128 22 13 16
g34-g46 -1 2 128 100000000 100000000 100000000
g34-g47 -1 2 128 100000000 100000000 100000000
g34-g48 -1 2 128 100000000 100000000 100000000
g34-g49 -1 2 128 100000000 100000000 100000000
g34-g50 -1 2 128 100000000 100000000 100000000
g35-g37 1 2 120 1355 216 950
g35-g38 0 2 121 7 10 8
g35-g40 1 2 121 99239506 319 335
g35-g41 0 2 128 10 8 9
g35-g42 0 2 128 8 9 8
g35-g43 0 2 128 24 12 11
g35-g44 0 2 128 31 14 14
g35-g45 0 2 128 30 13 13
g35-g46 0 2 128 35 18 17
g35-g47 0 2 128 36 23 15
g35-g48 0 2 128 42 16 17
g35-g49 0 2 128 100000000 100000000 100000000
g35-g50 1 2 128 2016 215 239
g36-g37 1 2 120 466 20 37
g36-g38 0 2 121 5 9 9
g36-g40 1 2 121 335 314 377
g36-g41 0 2 128 16 11 11
g36-g42 0 2 128 10 9 9
g36-g43 0 2 128 19 13 13
g36-g44 0 2 128 53 17 14
g36-g45 0 2 128 37 13 13
g36-g46 0 2 128 56 27 23
g36-g47 0 2 128 56 26 21
g36-g48 0 2 128 91 37 30
g36-g49 0 2 128 31 13 15
g36-g50 -1 2 128 100000000 100000000 100000000
g37-g38 0 2 121 6 10 13
g37-g40 1 2 121 2364634 4141656 3891085
g37-g43 0 2 128 17 13 13
g37-g44 0 2 128 68 16 14
g37-g45 0 2 128 64 17 16
g37-g46 0 2 128 81 15 16
g37-g47 0 2 128 122 16 24
g37-g48 0 2 128 91 19 20
g37-g49 0 2 128 21 14 15
g37-g50 -1 2 128 100000000 100000000 100000000
g38-g40 1 2 121 942154 352 336
g38-g43 0 2 128 12 14 16
g38-g44 0 2 128 31 18 25
g38-g45 0 2 128 32 19 17
g38-g50 1 2 128 159 246 233
g39-g40 1 2 121 615272 329 375
g39-g41 0 2 128 11 7 9
g39-g42 0 2 128 19 8 8
g39-g43 0 2 128 38 13 13
g39-g44 0 2 128 46 13 14
g39-g45 0 2 128 37 13 14
g39-g46 0 2 128 62 35 31
g39-g47 0 2 128 101 39 27
g39-g48 0 2 128 140 50 40
g39-g49 -1 2 128 100000000 100000000 100000000
g39-g50 1 2 128 100000000 484 510
g4-g10 0 2 41 0 7 5
g4-g11 0 2 42 0 6 6
g4-g12 0 2 48 1 8 7
g4-g13 0 2 49 1 6 7
g4-g14 0 2 50 0 6 6
g4-g15 1 2 50 2 10 11
g4-g16 0 2 53 1 7 6
g4-g20 0 2 64 14 29 24
g4-g21 1 2 64 82 162 208
g4-g22 0 2 67 1 7 6
g4-g23 1 2 73 6 16 14
g4-g25 1 2 75 1 13 13
g4-g26 1 2 80 6 14 14
g4-g27 1 2 86 6 16 17
g4-g28 0 2 97 0 7 6
g4-g29 0 2 100 9 18 25
g4-g30 0 2 100 12 16 17
g4-g31 0 2 100 11 24 18
g4-g32 1 2 100 601 1392 1287
g4-g33 0 2 101 2 8 7
g4-g37 0 2 120 12 16 13
g4-g38 0 2 121 1 8 6
g4-g40 1 2 121 204 300 361
g4-g41 0 2 128 3 8 7
g4-g42 0 2 128 6 11 11
g4-g43 1 2 128 24 26 28
g4-g44 0 2 128 18 21 23
g4-g45 0 2 128 18 20 25
g4-g46 0 2 128 18 16 17
g4-g47 0 2 128 14 16 16
g4-g48 0 2 128 15 16 18
g4-g49 1 2 128 35 20 22
g4-g5 0 2 11 0 5 6
g4-g50 1 2 128 142 223 216
g4-g6 0 2 19 0 6 6
g4-g7 0 2 20 0 6 7
g4-g9 0 2 37 0 6 7
g40-g50 0 2 128 304 451 422
g41-g42 0 2 128 11 8 8
g41-g43 0 2 128 30 15 15
g41-g44 0 2 128 55 14 12
g41-g45 0 2 128 41 14 13
g41-g46 0 2 128 65 29 24
g41-g47 0 2 128 67 33 25
g41-g48 0 2 128 161 40 42
g41-g49 0 2 128 100000000 42471930 100000000
g41-g50 -1 2 128 100000000 100000000 100000000
g42-g43 0 2 128 45 13 12
g42-g44 0 2 128 56 14 15
g42-g45 0 2 128 38 15 14
g42-g46 0 2 128 45 16 15
g42-g47 0 2 128 45 13 15
g42-g48 0 2 128 49 19 25
g42-g49 -1 2 128 100000000 100000000 100000000
g42-g50 -1 2 128 100000000 100000000 100000000
g43-g44 0 2 128 48 16 19
g43-g45 0 2 128 48 17 25
g43-g50 -1 2 128 100000000 100000000 100000000
g44-g45 0 2 128 19 16 20
g44-g50 0 2 128 172 217 229
g45-g50 0 2 128 171 230 226
g46-g47 0 2 128 22 16 18
g46-g48 1 2 128 90 17 19
g46-g50 0 2 128 180 224 220
g47-g48 0 2 128 78 19 17
g47-g50 0 2 128 153 228 219
g48-g50 0 2 128 182 219 223
g49-g50 -1 2 128 100000000 100000000 100000000
g5-g11 0 2 42 0 6 6
g5-g12 0 2 48 1 7 7
g5-g13 1 2 49 2 12 11
g5-g14 1 2 50 2 13 12
g5-g15 1 2 50 2 11 10
g5-g16 0 2 53 3 13 12
g5-g20 1 2 64 8 19 30
g5-g21 1 2 64 81 187 220
g5-g22 1 2 67 4 11 13
g5-g23 1 2 73 4 13 12
g5-g25 1 2 75 1 11 11
g5-g26 1 2 80 5 12 12
g5-g27 1 2 86 9 15 14
g5-g28 0 2 97 1 7 7
g5-g29 1 2 100 8 17 16
g5-g30 1 2 100 8 18 15
g5-g31 1 2 100 10 20 19
g5-g32 1 2 100 599 1476 1300
g5-g33 0 2 101 3 13 13
g5-g37 1 2 120 5 9 14
g5-g38 0 2 121 2 7 6
g5-g40 1 2 121 184 304 352
g5-g41 1 2 128 9 18 17
g5-g42 1 2 128 17 18 17
g5-g43 1 2 128 15 18 18
g5-g44 1 2 128 13 21 19
g5-g45 1 2 128 13 17 19
g5-g46 1 2 128 11 20 19
g5-g47 1 2 128 13 14 13
g5-g48 1 2 128 9 15 22
g5-g49 1 2 128 9 15 13
g5-g50 1 2 128 142 238 230
g5-g6 0 2 19 0 7 6
g5-g7 0 2 20 0 6 7
g6-g11 0 2 42 3 12 13
g6-g12 0 2 48 1 10 9
g6-g13 1 2 49 4 10 11
g6-g14 1 2 50 4 12 14
g6-g15 1 2 50 11 12 11
g6-g16 1 2 53 2 10 10
g6-g20 1 2 64 7 22 16
g6-g21 1 2 64 76 200 198
g6-g22 0 2 67 1 8 7
g6-g23 1 2 73 7 12 12
g6-g25 1 2 75 205 21 16
g6-g26 1 2 80 4 12 12
g6-g27 1 2 86 4 15 13
g6-g28 0 2 97 0 7 7
g6-g29 1 2 100 9 17 17
g6-g30 1 2 100 9 17 19
g6-g31 1 2 100 10 21 19
g6-g32 1 2 100 598 1421 1263
g6-g33 0 2 101 3 8 7
g6-g37 1 2 120 6 11 12
g6-g38 0 2 121 3 11 9
g6-g40 1 2 121 182 341 300
g6-g41 0 2 128 4 8 7
g6-g42 0 2 128 7 12 13
g6-g43 1 2 128 16 17 18
g6-g44 1 2 128 17 25 17
g6-g45 1 2 128 15 18 17
g6-g46 1 2 128 10 13 18
g6-g47 1 2 128 9 13 20
g6-g48 1 2 128 10 16 16
g6-g49 1 2 128 10 16 15
g6-g50 1 2 128 145 216 222
g6-g7 0 2 20 0 7 7
g7-g11 0 2 42 0 6 7
g7-g12 0 2 48 1 8 8
g7-g13 0 2 49 0 6 7
g7-g14 0 2 50 0 6 7
g7-g15 0 2 50 0 7 8
g7-g16 0 2 53 1 8 8
g7-g20 0 2 64 224 191 140
g7-g21 1 2 64 76 223 191
g7-g22 0 2 67 1 7 7
g7-g23 0 2 73 2 8 8
g7-g25 0 2 75 1 7 8
g7-g26 0 2 80 3 7 8
g7-g27 0 2 86 4 9 10
g7-g28 0 2 97 1 7 6
g7-g29 0 2 100 30 30 25
g7-g30 0 2 100 51 26 26
g7-g31 0 2 100 43 39 34
g7-g32 1 2 100 619 1408 1267
g7-g33 0 2 101 2 7 8
g7-g37 0 2 120 13 12 14
g7-g38 1 2 121 5 12 15
g7-g40 1 2 121 232 363 300
g7-g41 0 2 128 2 9 7
g7-g42 0 2 128 3 9 9
g7-g43 0 2 128 83224514 14517917 16167160
g7-g44 0 2 128 42 31 32
g7-g45 0 2 128 44 35 34
g7-g46 0 2 128 25 23 22
g7-g47 0 2 128 25 21 23
g7-g48 0 2 128 32 28 26
g7-g49 0 2 128 21154 2790 4209
g7-g50 1 2 128 145 218 221
g8-g10 0 2 41 1 9 8
g8-g11 0 2 42 1 6 6
g8-g12 0 2 48 1 7 8
g8-g13 0 2 49 16 27 19
g8-g14 0 2 50 4 11 10
g8-g15 0 2 50 1080 121 417
g8-g16 1 2 53 3 9 11
g8-g19 0 2 64 1 7 7
g8-g20 1 2 64 8 17 20
g8-g21 1 2 64 78 201 225
g8-g22 0 2 67 5 8 8
g8-g23 0 2 73 1876 736 164
g8-g25 0 2 75 1 6 7
g8-g26 0 2 80 1548 141 178
g8-g27 1 2 86 114 18 19
g8-g28 0 2 97 0 7 6
g8-g29 1 2 100 14 26 20
g8-g30 1 2 100 30 17 21
g8-g31 1 2 100 19 19 22
g8-g32 1 2 100 611 1164 1400
g8-g33 0 2 101 4 8 7
g8-g35 0 2 120 8 8 10
g8-g36 0 2 120 13 12 11
g8-g37 1 2 120 18 16 14
g8-g38 0 2 121 3 10 9
g8-g40 1 2 121 190 319 333
g8-g41 0 2 128 4 7 7
g8-g42 0 2 128 10 11 12
g8-g43 1 2 128 15 16 18
g8-g44 1 2 128 20 20 18
g8-g45 1 2 128 20 25 18
g8-g46 0 2 128 465 100 106
g8-g47 0 2 128 456 89 89
g8-g48 0 2 128 6026 283 981
g8-g49 1 2 128 17 16 20
g8-g50 1 2 128 146 217 208
g8-g9 0 2 37 0 7 7
g9-g10 0 2 41 0 6 6
g9-g11 0 2 42 2 8 8
g9-g12 0 2 48 2 9 9
g9-g13 0 2 49 4 8 8
g9-g14 0 2 50 3 8 10
g9-g15 0 2 50 17795 8734 7392
g9-g16 0 2 53 4 8 9
g9-g20 1 2 64 8 23 22
g9-g21 1 2 64 77 187 207
g9-g22 0 2 67 3 7 7
g9-g23 1 2 73 6 13 13
g9-g25 0 2 75 1 6 7
g9-g26 1 2 80 9 12 12
g9-g27 1 2 86 68 11 14
g9-g28 0 2 97 1 7 6
g9-g29 0 2 100 246 158 158
g9-g30 0 2 100 375 161 149
g9-g31 0 2 100 1713 288 227
g9-g32 1 2 100 599 1272 1369
g9-g33 0 2 101 4 7 7
g9-g37 0 2 120 13 13 13
g9-g38 0 2 121 5 9 10
g9-g40 1 2 121 184 284 359
g9-g41 0 2 128 6 10 9
g9-g42 0 2 128 7 10 12
g9-g43 1 2 128 15 16 16
g9-g44 0 2 128 10435 1867 2215
g9-g45 0 2 128 9918 1674 2461
g9-g46 0 2 128 17 17 18
g9-g47 0 2 128 12 17 22
g9-g48 0 2 128 15 21 26
g9-g49 1 2 128 12 16 15
g9-g50 1 2 128 150 226 226
images-CVIU11-1-119 0 8 5376 4236 579 665
images-CVIU11-1-131 0 8 2645 833 157 111
images-CVIU11-1-50 0 8 5306 3676 459 549
images-CVIU11-1-81 0 8 3455 2294 333 297
images-CVIU11-10-110 0 8 2666 1490 224 191
images-CVIU11-10-139 0 8 2051 464 101 79
images-CVIU11-10-20 0 8 4682 3643 455 539
images-CVIU11-10-50 0 8 5306 3123 452 554
images-CVIU11-10-58 0 8 2365 749 173 139
images-CVIU11-10-60 0 8 3476 2437 336 286
images-CVIU11-10-93 0 8 3915 1785 342 272
images-CVIU11-11-4 0 8 4104 12367 1815 1921
images-CVIU11-11-72 0 8 4314 15958 2156 2188
images-CVIU11-11-8 0 8 3501 5921 771 726
images-CVIU11-12-115 0 8 3615 2667 425 346
images-CVIU11-12-137 0 8 1765 205 54 54
images-CVIU11-12-141 0 8 2036 373 79 96
images-CVIU11-12-4 0 8 4104 3034 524 575
images-CVIU11-13-11 0 8 2362 1635 217 191
images-CVIU11-13-118 0 8 3502 1922 311 248
images-CVIU11-13-128 0 8 4476 2122 335 393
images-CVIU11-13-13 0 8 3947 2790 416 337
images-CVIU11-13-30 0 8 4854 5306 649 712
images-CVIU11-13-46 0 8 3794 2990 417 347
images-CVIU11-13-7 0 8 4754 2914 435 481
images-CVIU11-14-106 0 8 3615 1961 300 245
images-CVIU11-14-146 0 8 4549 2985 511 586
images-CVIU11-14-16 0 8 2185 2053 264 245
images-CVIU11-14-31 0 8 4105 4349 502 553
images-CVIU11-14-63 0 8 4373 3810 476 527
images-CVIU11-14-96 0 8 2944 2570 324 281
images-CVIU11-15-146 0 8 4549 12450 1814 1745
images-CVIU11-16-143 0 8 2450 824 152 125
images-CVIU11-16-37 0 8 5352 2940 433 535
images-CVIU11-16-55 0 8 2607 656 155 121
images-CVIU11-17-107 0 8 3132 2359 378 329
images-CVIU11-17-14 0 8 1845 457 81 94
images-CVIU11-17-82 0 8 4058 2630 395 320
images-CVIU11-18-137 0 8 1765 381 70 66
images-CVIU11-18-139 0 8 2051 1343 201 181
images-CVIU11-18-27 0 8 3551 3185 424 377
images-CVIU11-18-33 0 8 5714 9928 1153 1293
images-CVIU11-18-82 0 8 4058 2099 394 306
images-CVIU11-18-85 0 8 4680 1833 416 503
images-CVIU11-19-129 0 8 1751 1216 166 167
images-CVIU11-19-131 0 8 2645 4388 530 494
images-CVIU11-2-24 0 8 1478 1541 190 175
images-CVIU11-2-33 0 8 5714 8729 1158 1255
images-CVIU11-2-50 0 8 5306 7379 840 899
images-CVIU11-2-54 0 8 2754 2222 288 250
images-CVIU11-2-60 0 8 3476 5162 591 519
images-CVIU11-2-63 0 8 4373 7143 780 834
images-CVIU11-2-79 0 8 2319 1967 312 287
images-CVIU11-20-134 0 8 3182 3784 649 611
images-CVIU11-20-31 0 8 4105 10676 1688 1646
images-CVIU11-20-46 0 8 3794 7201 1110 947
images-CVIU11-20-72 0 8 4314 15104 2355 2381
images-CVIU11-20-88 0 8 4497 12453 1896 2218
images-CVIU11-21-102 0 8 2626 4449 546 513
images-CVIU11-21-119 0 8 5376 24884 2262 2356
images-CVIU11-21-9 0 8 3426 3965 494 440
images-CVIU11-22-100 0 8 1764 331 59 58
images-CVIU11-22-107 0 8 3132 926 194 147
images-CVIU11-22-110 0 8 2666 1470 222 188
images-CVIU11-22-118 0 8 3502 1731 295 222
images-CVIU11-22-12 0 8 3974 2164 348 275
images-CVIU11-23-113 0 8 2877 6086 707 672
images-CVIU11-23-143 0 8 2450 3072 380 351
images-CVIU11-23-48 0 8 2867 3786 464 429
images-CVIU11-24-113 0 8 2877 3240 408 359
images-CVIU11-24-49 0 8 3737 4112 511 467
images-CVIU11-24-5 0 8 5182 6741 932 1009
images-CVIU11-24-77 0 8 5732 12733 1815 1816
images-CVIU11-25-139 0 8 2051 1186 179 157
images-CVIU11-25-61 0 8 4779 7663 832 911
images-CVIU11-25-66 0 8 2657 2744 256 220
images-CVIU11-25-70 0 8 5232 4821 618 713
images-CVIU11-25-77 0 8 5732 9607 1058 1171
images-CVIU11-25-97 0 8 2930 3669 445 411
images-CVIU11-26-106 0 8 3615 7037 778 734
images-CVIU11-26-129 1 8 1751 3153 437 433
images-CVIU11-26-138 0 8 5530 24081 2381 2498
images-CVIU11-26-15 0 8 1385 2367 340 333
images-CVIU11-26-57 0 8 5944 41388 3812 3969
images-CVIU11-26-70 0 8 5232 34137 3244 3329
images-CVIU11-26-71 0 8 4700 23808 2398 2491
images-CVIU11-26-75 0 8 5528 34132 3350 3489
images-CVIU11-26-77 0 8 5732 26910 2702 2743
images-CVIU11-26-78 0 8 5489 21570 2162 2248
images-CVIU11-27-125 0 8 4490 733 195 267
images-CVIU11-27-137 0 8 1765 164 39 39
images-CVIU11-27-144 0 8 3449 2205 312 244
images-CVIU11-27-17 0 8 4361 3398 423 481
images-CVIU11-27-36 0 8 3115 1858 267 215
images-CVIU11-28-130 0 8 1721 1580 210 206
images-CVIU11-28-135 0 8 2888 7391 820 779
images-CVIU11-28-99 0 8 4377 10264 1110 1178
images-CVIU11-29-107 0 8 3132 1774 290 248
images-CVIU11-29-112 0 8 2526 755 158 128
images-CVIU11-29-114 0 8 2124 548 126 97
images-CVIU11-29-116 0 8 5710 5106 698 785
images-CVIU11-29-12 0 8 3974 3221 484 388
images-CVIU11-29-21 0 8 3875 2086 360 281
images-CVIU11-29-3 0 8 4501 2835 418 470
images-CVIU11-29-39 0 8 3218 1420 253 206
images-CVIU11-29-75 0 8 5528 4129 609 677
images-CVIU11-29-76 1 8 5763 5892 1320 1432
images-CVIU11-29-79 0 8 2319 1162 195 166
images-CVIU11-29-8 0 8 3501 3371 447 396
images-CVIU11-29-82 0 8 4058 2921 442 376
images-CVIU11-3-106 0 8 3615 2091 385 308
images-CVIU11-3-138 0 8 5530 4606 727 820
images-CVIU11-3-37 0 8 5352 6421 1103 1216
images-CVIU11-3-48 0 8 2867 2635 464 402
images-CVIU11-3-56 0 8 2308 777 211 184
images-CVIU11-3-74 0 8 5448 11435 1435 1545
images-CVIU11-30-1 0 8 4212 3374 555 609
images-CVIU11-30-11 0 8 2362 1330 223 199
images-CVIU11-30-115 0 8 3615 2413 394 323
images-CVIU11-30-12 0 8 3974 2418 375 293
images-CVIU11-30-42 0 8 3834 2673 420 354
images-CVIU11-30-66 0 8 2657 634 173 145
images-CVIU11-31-105 0 8 4159 2839 385 434
images-CVIU11-31-109 0 8 4342 3674 449 505
images-CVIU11-31-26 0 8 2123 834 146 118
images-CVIU11-31-31 0 8 4105 1849 296 341
images-CVIU11-31-39 0 8 3218 3042 386 341
images-CVIU11-33-109 0 8 4342 2197 341 409
images-CVIU11-33-59 0 8 4838 2706 428 506
images-CVIU11-33-71 0 8 4700 3395 434 514
images-CVIU11-33-86 0 8 3696 1609 297 231
images-CVIU11-33-88 0 8 4497 3229 474 534
images-CVIU11-33-93 0 8 3915 2092 359 282
images-CVIU11-34-106 0 8 3615 3048 418 356
images-CVIU11-34-135 0 8 2888 1329 229 198
images-CVIU11-34-88 0 8 4497 5366 675 738
images-CVIU11-34-9 0 8 3426 1608 282 234
images-CVIU11-35-141 0 8 2036 346 73 95
images-CVIU11-35-68 0 8 5540 4147 545 636
images-CVIU11-36-11 0 8 2362 1928 283 260
images-CVIU11-36-112 0 8 2526 1674 264 234
images-CVIU11-36-140 0 8 2299 1666 244 216
images-CVIU11-37-140 0 8 2299 2941 337 301
images-CVIU11-37-146 0 8 4549 5070 728 772
images-CVIU11-37-41 0 8 3632 8752 823 773
images-CVIU11-37-54 0 8 2754 2865 376 341
images-CVIU11-37-70 0 8 5232 6294 786 882
images-CVIU11-37-84 0 8 1072 342 59 63
images-CVIU11-38-1 0 8 4212 3587 442 507
images-CVIU11-38-10 0 8 3506 4221 465 412
images-CVIU11-38-131 0 8 2645 1819 252 214
images-CVIU11-38-23 0 8 4264 3702 580 614
images-CVIU11-38-71 0 8 4700 4294 632 709
images-CVIU11-38-78 0 8 5489 3378 601 685
images-CVIU11-39-107 0 8 3132 1990 312 264
images-CVIU11-39-114 0 8 2124 950 153 132
images-CVIU11-39-37 0 8 5352 11225 1194 1248
images-CVIU11-39-68 0 8 5540 7878 912 1035
images-CVIU11-39-80 0 8 2734 1828 269 225
images-CVIU11-4-42 0 8 3834 3186 417 348
images-CVIU11-4-50 0 8 5306 2595 382 469
images-CVIU11-40-126 0 8 1342 1067 164 154
images-CVIU11-40-136 0 8 3109 5826 655 596
images-CVIU11-40-139 0 8 2051 1248 182 166
images-CVIU11-40-23 0 8 4264 7366 927 984
images-CVIU11-40-46 0 8 3794 4040 513 444
images-CVIU11-40-8 0 8 3501 6994 823 755
images-CVIU11-41-113 0 8 2877 3866 440 400
images-CVIU11-41-4 0 8 4104 6892 867 905
images-CVIU11-41-86 0 8 3696 3557 430 366
images-CVIU11-41-88 0 8 4497 8758 1039 1120
images-CVIU11-42-112 0 8 2526 2748 366 343
images-CVIU11-42-122 0 8 3315 3322 344 282
images-CVIU11-42-53 0 8 2639 1055 183 150
images-CVIU11-42-68 0 8 5540 3270 598 686
images-CVIU11-42-78 0 8 5489 3201 576 700
images-CVIU11-42-80 0 8 2734 1125 200 155
images-CVIU11-42-88 0 8 4497 3757 585 662
images-CVIU11-43-112 0 8 2526 611 296 243
images-CVIU11-43-65 0 8 3468 1364 372 324
images-CVIU11-43-76 0 8 5763 2701 801 872
images-CVIU11-44-119 0 8 5376 12731 1233 1293
images-CVIU11-44-20 0 8 4682 3701 464 526
images-CVIU11-44-84 0 8 1072 293 50 54
images-CVIU11-44-98 0 8 2005 936 117 138
images-CVIU11-5-134 0 8 3182 852 197 144
images-CVIU11-5-19 0 8 5916 5170 682 783
images-CVIU11-5-62 0 8 5025 1989 462 552
images-CVIU11-6-119 0 8 5376 881 282 395
images-CVIU11-6-25 0 8 2778 252 113 77
images-CVIU11-6-58 0 8 2365 192 86 61
images-CVIU11-7-56 0 8 2308 807 205 176
images-CVIU11-7-96 0 8 2944 1688 374 309
images-CVIU11-8-120 0 8 4301 4657 564 644
images-CVIU11-8-129 0 8 1751 1216 160 163
images-CVIU11-8-130 0 8 1721 859 122 123
images-CVIU11-8-20 0 8 4682 7493 851 934
images-CVIU11-8-68 0 8 5540 9542 1065 1156
images-CVIU11-8-83 0 8 4293 5070 607 666
images-CVIU11-9-110 0 8 2666 3757 443 410
meshes-CVIU11-1-106 0 10 969 222 76 70
meshes-CVIU11-1-120 0 10 794 212 71 66
meshes-CVIU11-1-149 0 10 1439 1325 304 349
meshes-CVIU11-1-170 0 10 938 176 66 59
meshes-CVIU11-1-175 0 10 286 24 13 10
meshes-CVIU11-1-187 0 10 4034 8653 1063 930
meshes-CVIU11-1-188 0 10 1827 1544 278 298
meshes-CVIU11-1-20 0 10 1830 1234 231 245
meshes-CVIU11-1-205 0 10 963 176 58 55
meshes-CVIU11-1-206 0 10 5357 9078 948 1066
meshes-CVIU11-1-220 0 10 300 21 12 12
meshes-CVIU11-1-223 0 10 2431 2994 471 411
meshes-CVIU11-1-225 0 10 3303 5977 757 682
meshes-CVIU11-1-250 0 10 529 58 20 20
meshes-CVIU11-1-278 0 10 364 9 8 9
meshes-CVIU11-1-279 0 10 600 32 16 14
meshes-CVIU11-1-282 0 10 1816 929 207 211
meshes-CVIU11-1-283 0 10 4142 7195 844 907
meshes-CVIU11-1-294 0 10 1929 2303 349 372
meshes-CVIU11-1-305 0 10 844 147 59 56
meshes-CVIU11-1-314 0 10 5183 28065 2507 2547
meshes-CVIU11-1-318 0 10 4127 17683 1656 1720
meshes-CVIU11-1-34 0 10 2948 5367 730 727
meshes-CVIU11-1-357 0 10 411 50 17 21
meshes-CVIU11-1-360 0 10 3302 5136 661 645
meshes-CVIU11-1-368 0 10 2288 777 184 156
meshes-CVIU11-1-37 0 10 415 40 17 18
meshes-CVIU11-1-397 0 10 2968 3944 576 580
meshes-CVIU11-1-410 0 10 358 21 18 12
meshes-CVIU11-1-424 0 10 2229 1727 308 281
meshes-CVIU11-1-431 0 10 3671 5381 676 579
meshes-CVIU11-1-461 0 10 5613 24029 2099 1931
meshes-CVIU11-1-466 0 10 282 7 9 9
meshes-CVIU11-1-489 0 10 3790 4922 817 671
meshes-CVIU11-1-511 0 10 3670 9357 1189 1036
meshes-CVIU11-1-63 0 10 1001 373 92 84
meshes-CVIU11-1-88 0 10 728 84 28 29
meshes-CVIU11-2-100 0 10 5008 18716 1699 1624
meshes-CVIU11-2-108 0 10 1641 471 124 118
meshes-CVIU11-2-11 0 10 534 67 24 24
meshes-CVIU11-2-121 0 10 290 22 13 13
meshes-CVIU11-2-13 0 10 1380 629 152 149
meshes-CVIU11-2-137 0 10 1506 618 164 153
meshes-CVIU11-2-177 0 10 733 128 52 49
meshes-CVIU11-2-211 0 10 935 262 79 72
meshes-CVIU11-2-223 0 10 2431 3049 465 492
meshes-CVIU11-2-233 0 10 1213 674 129 130
meshes-CVIU11-2-245 0 10 838 79 32 27
meshes-CVIU11-2-246 0 10 1726 899 172 188
meshes-CVIU11-2-248 0 10 1247 401 107 115
meshes-CVIU11-2-267 0 10 2604 3154 543 461
meshes-CVIU11-2-3 0 10 400 42 18 17
meshes-CVIU11-2-300 0 10 1387 283 69 60
meshes-CVIU11-2-304 0 10 855 54 20 17
meshes-CVIU11-2-305 0 10 844 152 59 56
meshes-CVIU11-2-317 0 10 485 48 22 18
meshes-CVIU11-2-321 0 10 1809 526 138 203
meshes-CVIU11-2-324 0 10 847 196 68 63
meshes-CVIU11-2-349 0 10 759 110 24 21
meshes-CVIU11-2-35 0 10 808 158 61 59
meshes-CVIU11-2-353 0 10 3436 8477 1017 931
meshes-CVIU11-2-354 0 10 843 45 22 18
meshes-CVIU11-2-365 0 10 935 171 62 57
meshes-CVIU11-2-447 0 10 3497 7774 995 942
meshes-CVIU11-2-449 0 10 2917 4169 602 542
meshes-CVIU11-2-462 0 10 526 58 22 20
meshes-CVIU11-2-484 0 10 3787 6483 860 698
meshes-CVIU11-2-487 0 10 4278 12761 1239 1235
meshes-CVIU11-2-493 0 10 1383 269 95 80
meshes-CVIU11-2-503 0 10 1671 627 160 157
meshes-CVIU11-2-511 0 10 3670 8482 975 1229
meshes-CVIU11-2-513 0 10 1467 281 73 64
meshes-CVIU11-2-52 0 10 777 146 57 55
meshes-CVIU11-2-54 0 10 1344 545 193 143
meshes-CVIU11-2-6 0 10 2040 1337 245 304
meshes-CVIU11-2-76 0 10 3778 8173 908 828
meshes-CVIU11-2-80 0 10 3249 2897 533 398
meshes-CVIU11-3-100 0 10 5008 19530 1425 1907
meshes-CVIU11-3-12 0 10 216 185 19 14
meshes-CVIU11-3-130 0 10 2512 5696 519 460
meshes-CVIU11-3-139 0 10 5217 27817 3068 2880
meshes-CVIU11-3-147 0 10 1654 669 133 127
meshes-CVIU11-3-151 0 10 886 396 53 49
meshes-CVIU11-3-158 1 10 3944 100000000 100000000 100000000
meshes-CVIU11-3-16 0 10 1721 2342 213 203
meshes-CVIU11-3-17 0 10 1678 2487 210 202
meshes-CVIU11-3-190 0 10 870 406 49 43
meshes-CVIU11-3-193 0 10 2478 4026 438 407
meshes-CVIU11-3-195 0 10 2964 6688 674 627
meshes-CVIU11-3-213 1 10 409 100000000 100000000 100000000
meshes-CVIU11-3-218 0 10 2200 3622 443 425
meshes-CVIU11-3-220 0 10 300 207 15 16
meshes-CVIU11-3-23 0 10 1737 2445 207 214
meshes-CVIU11-3-242 1 10 3195 100000000 100000000 100000000
meshes-CVIU11-3-246 0 10 1726 2035 235 239
meshes-CVIU11-3-251 0 10 416 387 28 32
meshes-CVIU11-3-289 0 10 285 151 20 15
meshes-CVIU11-3-290 0 10 262 211 27 31
meshes-CVIU11-3-313 1 10 2559 100000000 100000000 100000000
meshes-CVIU11-3-325 0 10 284 279 19 20
meshes-CVIU11-3-35 0 10 808 1239 80 76
meshes-CVIU11-3-357 0 10 411 372 25 28
meshes-CVIU11-3-381 0 10 611 258 28 22
meshes-CVIU11-3-408 0 10 352 183 22 15
meshes-CVIU11-3-431 0 10 3671 6049 722 610
meshes-CVIU11-3-434 1 10 3773 100000000 100000000 100000000
meshes-CVIU11-3-448 0 10 2605 5160 548 513
meshes-CVIU11-3-45 0 10 1395 2500 223 185
meshes-CVIU11-3-457 0 10 1347 1268 143 134
meshes-CVIU11-3-484 0 10 3787 9069 947 859
meshes-CVIU11-3-501 0 10 3426 11004 1011 1037
meshes-CVIU11-3-503 0 10 1671 1473 202 198
meshes-CVIU11-3-511 0 10 3670 9772 823 772
meshes-CVIU11-3-512 0 10 514 100000000 100000000 100000000
meshes-CVIU11-3-513 0 10 1467 266 86 68
meshes-CVIU11-3-526 0 10 941 871 94 90
meshes-CVIU11-3-59 0 10 991 606 108 70
meshes-CVIU11-3-7 0 10 585 199 31 17
meshes-CVIU11-3-97 0 10 3478 7799 786 814
meshes-CVIU11-3-98 0 10 4389 7095 668 668
meshes-CVIU11-4-114 0 10 1064 174 86 59
meshes-CVIU11-4-129 0 10 4437 18066 1443 1562
meshes-CVIU11-4-135 0 10 391 24 13 13
meshes-CVIU11-4-166 0 10 201 9 10 10
meshes-CVIU11-4-168 0 10 1341 381 140 144
meshes-CVIU11-4-206 0 10 5357 8969 890 986
meshes-CVIU11-4-213 0 10 409 41 17 18
meshes-CVIU11-4-228 0 10 4233 6151 654 788
meshes-CVIU11-4-248 0 10 1247 394 110 115
meshes-CVIU11-4-268 0 10 3686 8048 997 929
meshes-CVIU11-4-311 0 10 4127 14746 1315 1210
meshes-CVIU11-4-313 0 10 2559 2464 406 373
meshes-CVIU11-4-325 0 10 284 26 15 14
meshes-CVIU11-4-341 0 10 527 100 34 34
meshes-CVIU11-4-387 0 10 1258 412 141 107
meshes-CVIU11-4-441 0 10 2727 3311 549 463
meshes-CVIU11-4-45 0 10 1395 593 161 152
meshes-CVIU11-4-46 0 10 869 169 66 61
meshes-CVIU11-4-471 0 10 3557 4692 662 587
meshes-CVIU11-4-487 0 10 4278 12463 1401 1239
meshes-CVIU11-4-501 0 10 3426 7196 860 860
meshes-CVIU11-4-80 0 10 3249 2870 477 451
meshes-CVIU11-5-102 0 10 3259 5068 688 650
meshes-CVIU11-5-115 0 10 545 76 21 20
meshes-CVIU11-5-121 0 10 290 20 13 14
meshes-CVIU11-5-147 0 10 1654 422 122 125
meshes-CVIU11-5-148 0 10 2409 1250 294 278
meshes-CVIU11-5-163 0 10 1971 1966 341 348
meshes-CVIU11-5-182 0 10 1072 273 83 85
meshes-CVIU11-5-188 0 10 1827 1227 246 245
meshes-CVIU11-5-191 0 10 4882 27114 3046 3090
meshes-CVIU11-5-200 0 10 716 109 47 53
meshes-CVIU11-5-212 0 10 1697 1125 289 217
meshes-CVIU11-5-216 0 10 716 120 54 50
meshes-CVIU11-5-223 0 10 2431 2945 466 425
meshes-CVIU11-5-244 0 10 2108 1499 285 243
meshes-CVIU11-5-283 0 10 4142 7458 831 895
meshes-CVIU11-5-286 0 10 640 82 30 29
meshes-CVIU11-5-304 0 10 855 33 22 15
meshes-CVIU11-5-306 0 10 5254 18400 1477 1482
meshes-CVIU11-5-315 0 10 415 31 14 14
meshes-CVIU11-5-333 0 10 2087 2052 372 333
meshes-CVIU11-5-34 0 10 2948 4213 625 592
meshes-CVIU11-5-36 0 10 3278 3744 574 537
meshes-CVIU11-5-409 0 10 375 33 17 15
meshes-CVIU11-5-433 0 10 2098 1410 261 253
meshes-CVIU11-5-464 0 10 4020 10162 1364 1116
meshes-CVIU11-5-468 0 10 1539 694 167 165
meshes-CVIU11-5-488 0 10 3472 2451 528 412
meshes-CVIU11-5-517 0 10 5069 7815 1013 1006
meshes-CVIU11-5-59 0 10 991 210 71 65
meshes-CVIU11-5-73 0 10 1216 443 126 129
meshes-CVIU11-5-99 0 10 4296 10733 1039 1107
meshes-CVIU11-6-102 0 10 3259 12200 1641 1534
meshes-CVIU11-6-150 0 10 4080 6534 818 711
meshes-CVIU11-6-151 0 10 886 139 50 46
meshes-CVIU11-6-163 0 10 1971 3471 579 519
meshes-CVIU11-6-194 0 10 1730 1145 249 213
meshes-CVIU11-6-211 0 10 935 253 82 74
meshes-CVIU11-6-265 0 10 643 103 50 45
meshes-CVIU11-6-293 0 10 383 24 14 15
meshes-CVIU11-6-303 0 10 2040 1043 221 244
meshes-CVIU11-6-306 0 10 5254 19314 1753 1453
meshes-CVIU11-6-314 0 10 5183 24444 2096 2083
meshes-CVIU11-6-325 0 10 284 28 17 15
meshes-CVIU11-6-338 0 10 279 11 11 9
meshes-CVIU11-6-345 0 10 678 121 50 47
meshes-CVIU11-6-400 0 10 1409 1534 279 276
meshes-CVIU11-6-438 0 10 3222 4634 639 596
meshes-CVIU11-6-443 0 10 2440 1502 296 236
meshes-CVIU11-6-485 0 10 857 163 59 55
meshes-CVIU11-6-498 0 10 428 41 17 19
meshes-CVIU11-6-523 0 10 472 34 14 14
meshes-CVIU11-6-528 0 10 5039 14383 1258 1284
meshes-CVIU11-6-56 0 10 719 357 89 88
meshes-CVIU11-6-58 0 10 400 40 17 16
meshes-CVIU11-6-65 0 10 5111 21535 1834 1810
meshes-CVIU11-6-68 0 10 4326 16903 1647 1791
meshes-CVIU11-6-77 0 10 2241 1738 323 365
meshes-CVIU11-6-81 0 10 877 375 97 92
PR15-1 1 9 4838 745 759 844
PR15-2 1 9 4838 6346 3020 2937
PR15-3 1 9 4838 9127 1594 1692
PR15-4 1 9 4838 672 1166 1307
PR15-5 1 9 4838 1661 883 963
PR15-6 1 9 4838 4676 1163 1244
PR15-7 1 9 4838 4538 1117 1220
PR15-8 1 9 4838 1661 1413 1195
PR15-9 1 9 4838 3062 1337 1551
PR15-10 1 9 4838 1683 1341 1457
PR15-11 1 9 4838 3654 1371 1641
PR15-12 1 9 4838 3141 1305 1471
PR15-13 1 9 4838 2929 980 1117
PR15-14 1 9 4838 3276 1019 1117
PR15-15 1 9 4838 12707 1915 1994
PR15-16 1 9 4838 1165 1133 1161
PR15-17 1 9 4838 9175 2253 2283
PR15-18 1 9 4838 6630 1723 1422
PR15-19 1 9 4838 1660 1289 1481
PR15-20 1 9 4838 2182 1268 1208
PR15-21 1 9 4838 1657 884 990
PR15-22 1 9 4838 2710 1600 1383
PR15-23 1 9 4838 1655 1031 1080
PR15-24 1 9 4838 730 759 844
