instance sat family pattern-v pattern-e target-v target-e
F.04 1 1 270 5359 300 6656
C.18 1 1 900 2424 1000 2976
A.04 1 1 180 496 200 611
C.02 1 1 900 2463 1000 3032
E.01 0 1 270 5666 300 6752
F.20 1 1 270 5186 300 6568
B.20 1 1 540 1455 600 1796
C.08 1 1 900 2461 1000 3006
B.11 1 1 540 1466 600 1804
C.10 1 1 900 2435 1000 3032
B.06 1 1 540 1475 600 1808
F.08 1 1 270 5778 300 7137
B.07 1 1 540 1468 600 1816
E.04 0 1 270 5510 300 6621
C.01 1 1 900 2451 1000 3000
B.10 1 1 540 1484 600 1814
A.15 1 1 180 479 200 596
C.19 1 1 900 2453 1000 3020
B.02 1 1 540 1470 600 1815
E.06 0 1 270 5485 300 6641
E.18 0 1 270 5130 300 6283
C.20 1 1 900 2478 1000 3024
F.02 1 1 270 5768 300 6941
F.11 1 1 270 5978 300 6836
F.12 1 1 270 5782 300 6777
E.05 0 1 270 5067 300 6829
B.16 1 1 540 1466 600 1811
A.08 1 1 180 491 200 597
C.14 1 1 900 2443 1000 3022
F.16 1 1 270 5900 300 6996
F.06 1 1 270 5147 300 6538
A.03 1 1 180 503 200 609
E.19 0 1 270 5124 300 6079
C.15 1 1 900 2434 1000 2994
A.16 1 1 180 486 200 610
B.14 1 1 540 1466 600 1810
A.02 1 1 180 491 200 601
F.14 1 1 270 5391 300 6397
F.05 1 1 270 5510 300 6578
B.09 1 1 540 1448 600 1805
A.01 1 1 180 497 200 612
C.05 1 1 900 2459 1000 3000
B.01 1 1 540 1457 600 1796
A.09 1 1 180 483 200 596
A.07 1 1 180 488 200 592
F.03 1 1 270 5490 300 6391
E.12 0 1 270 5480 300 6891
C.06 1 1 900 2434 1000 3004
C.09 1 1 900 2445 1000 2985
B.17 1 1 540 1456 600 1811
C.07 1 1 900 2467 1000 3043
E.09 0 1 270 5536 300 6758
E.17 0 1 270 4990 300 6521
C.11 1 1 900 2460 1000 3021
F.10 0 1 270 5874 300 6935
A.17 1 1 180 488 200 602
B.15 1 1 540 1475 600 1813
E.03 0 1 270 5176 300 6207
F.19 1 1 270 5391 300 6435
A.12 1 1 180 487 200 600
B.08 1 1 540 1459 600 1791
F.17 1 1 270 5413 300 6481
C.04 1 1 900 2475 1000 3048
B.19 1 1 540 1483 600 1811
C.16 1 1 900 2463 1000 3015
C.17 1 1 900 2427 1000 2989
E.08 0 1 270 4996 300 6394
F.13 1 1 270 5251 300 6643
A.20 1 1 180 485 200 597
E.02 0 1 270 5089 300 6581
E.16 0 1 270 5288 300 6803
B.12 1 1 540 1454 600 1800
F.09 1 1 270 5515 300 6758
A.10 1 1 180 493 200 612
F.18 1 1 270 5963 300 7148
E.10 1 1 270 5525 300 6518
A.06 1 1 180 483 200 604
E.15 0 1 270 5504 300 6657
E.07 0 1 270 5388 300 6563
E.11 0 1 270 4843 300 6126
B.03 1 1 540 1471 600 1817
B.18 1 1 540 1465 600 1801
C.03 1 1 900 2440 1000 2991
A.18 1 1 180 493 200 608
F.15 1 1 270 5192 300 6224
A.19 1 1 180 478 200 597
C.12 1 1 900 2435 1000 2995
B.05 1 1 540 1476 600 1805
A.13 1 1 180 484 200 595
A.05 1 1 180 491 200 604
F.01 1 1 270 5184 300 6179
E.20 0 1 270 5534 300 6596
B.13 1 1 540 1461 600 1796
A.14 1 1 180 497 200 617
B.04 1 1 540 1448 600 1794
C.13 1 1 900 2464 1000 3044
F.07 1 1 270 5257 300 6377
E.13 0 1 270 5808 300 7104
E.14 0 1 270 5001 300 6524
A.11 1 1 180 489 200 599
si6-r005-m400.07 1 7 240 2802 400 7781
si6-r005-m400.00 1 7 240 2776 400 7762
si6-r005-m400.01 1 7 240 2812 400 7792
si6-r005-m400.02 1 7 240 2850 400 7767
si6-r005-m400.04 1 7 240 2780 400 7810
si6-r005-m400.05 1 7 240 2731 400 7775
si6-r005-m400.09 1 7 240 2838 400 7808
si6-r005-m400.03 1 7 240 2795 400 7800
si6-r005-m400.06 1 7 240 2864 400 7802
si6-r005-m400.08 1 7 240 2829 400 7794
si6-m4Dr6-m625.04 1 6 375 976 625 2074
si6-m4Dr6-m625.01 1 6 375 1054 625 2074
si6-m4Dr6-m625.09 1 6 375 978 625 2074
si6-m4Dr6-m625.07 1 6 375 996 625 2073
si6-m4Dr6-m625.00 1 6 375 976 625 2073
si6-m4Dr6-m625.08 1 6 375 893 625 2074
si6-m4Dr6-m625.05 1 6 375 998 625 2073
si6-m4Dr6-m625.06 1 6 375 1019 625 2074
si6-m4Dr6-m625.02 1 6 375 951 625 2073
si6-m4Dr6-m625.03 1 6 375 1003 625 2073
si4-m4Dr2-m625.09 1 6 250 506 625 1824
si4-m4Dr2-m625.04 1 6 250 508 625 1825
si4-m4Dr2-m625.02 1 6 250 553 625 1823
si4-m4Dr2-m625.07 1 6 250 587 625 1825
si4-m4Dr2-m625.00 1 6 250 539 625 1825
si4-m4Dr2-m625.08 1 6 250 542 625 1825
si4-m4Dr2-m625.01 1 6 250 549 625 1825
si4-m4Dr2-m625.06 1 6 250 533 625 1825
si4-m4Dr2-m625.03 1 6 250 527 625 1825
si4-m4Dr2-m625.05 1 6 250 518 625 1824
si2-r001-m600.00 1 7 120 220 600 3626
si2-r001-m600.06 1 7 120 185 600 3626
si2-r001-m600.04 1 7 120 223 600 3640
si2-r001-m600.07 1 7 120 210 600 3618
si2-r001-m600.02 1 7 120 217 600 3615
si2-r001-m600.08 1 7 120 199 600 3617
si2-r001-m600.03 1 7 120 193 600 3622
si2-r001-m600.01 1 7 120 211 600 3626
si2-r001-m600.05 1 7 120 217 600 3621
si2-r001-m600.09 1 7 120 213 600 3627
si2-m4Dr2-m256.09 1 6 51 96 256 723
si2-m4Dr2-m256.03 1 6 51 84 256 722
si2-m4Dr2-m256.04 1 6 51 100 256 723
si2-m4Dr2-m256.07 1 6 51 83 256 722
si2-m4Dr2-m256.00 1 6 51 91 256 723
si2-m4Dr2-m256.06 1 6 51 84 256 723
si2-m4Dr2-m256.08 1 6 51 88 256 723
si2-m4Dr2-m256.05 1 6 51 100 256 723
si2-m4Dr2-m256.01 1 6 51 86 256 722
si2-m4Dr2-m256.02 1 6 51 93 256 723
si6-r001-m600.09 1 7 360 1300 600 3625
si6-r001-m600.00 1 7 360 1298 600 3625
si6-r001-m600.07 1 7 360 1329 600 3629
si6-r001-m600.03 1 7 360 1335 600 3614
si6-r001-m600.01 1 7 360 1329 600 3619
si6-r001-m600.06 1 7 360 1334 600 3609
si6-r001-m600.08 1 7 360 1326 600 3630
si6-r001-m600.02 1 7 360 1331 600 3632
si6-r001-m600.04 1 7 360 1313 600 3623
si6-r001-m600.05 1 7 360 1349 600 3630
si2-m4Dr2-m1296.05 1 6 259 506 1296 3859
si2-m4Dr2-m1296.09 1 6 259 485 1296 3859
si2-m4Dr2-m1296.02 1 6 259 442 1296 3859
si2-m4Dr2-m1296.07 1 6 259 502 1296 3858
si2-m4Dr2-m1296.00 1 6 259 516 1296 3859
si2-m4Dr2-m1296.06 1 6 259 459 1296 3859
si2-m4Dr2-m1296.08 1 6 259 452 1296 3859
si2-m4Dr2-m1296.01 1 6 259 477 1296 3857
si2-m4Dr2-m1296.03 1 6 259 483 1296 3859
si2-m4Dr2-m1296.04 1 6 259 526 1296 3859
si4-b06m-m800.08 1 4 320 696 800 2398
si4-b06m-m800.00 1 4 320 720 800 2400
si4-b06m-m800.06 1 4 320 734 800 2398
si4-b06m-m800.05 1 4 320 738 800 2398
si4-b06m-m800.04 1 4 320 724 800 2400
si4-b06m-m800.09 1 4 320 710 800 2399
si4-b06m-m800.01 1 4 320 721 800 2398
si4-b06m-m800.07 1 4 320 691 800 2397
si4-b06m-m800.03 1 4 320 669 800 2399
si4-b06m-m800.02 1 4 320 714 800 2400
si6-m4Dr2-m625.08 1 6 375 894 625 1824
si6-m4Dr2-m625.09 1 6 375 847 625 1825
si6-m4Dr2-m625.05 1 6 375 856 625 1824
si6-m4Dr2-m625.01 1 6 375 1000 625 1824
si6-m4Dr2-m625.06 1 6 375 924 625 1825
si6-m4Dr2-m625.00 1 6 375 853 625 1825
si6-m4Dr2-m625.03 1 6 375 930 625 1825
si6-m4Dr2-m625.02 1 6 375 881 625 1824
si6-m4Dr2-m625.07 1 6 375 915 625 1823
si6-m4Dr2-m625.04 1 6 375 906 625 1825
si2-m4D-m1296.01 1 5 259 544 1296 3600
si2-m4D-m1296.08 1 5 259 664 1296 3600
si2-m4D-m1296.06 1 5 259 540 1296 3600
si2-m4D-m1296.05 1 5 259 694 1296 3600
si2-m4D-m1296.09 1 5 259 672 1296 3600
si2-m4D-m1296.03 1 5 259 540 1296 3600
si2-m4D-m1296.07 1 5 259 648 1296 3600
si2-m4D-m1296.02 1 5 259 671 1296 3600
si2-m4D-m1296.04 1 5 259 674 1296 3600
si2-m4D-m1296.00 1 5 259 687 1296 3600
si4-b03-m800.05 1 3 320 477 800 1200
si4-b03-m800.00 1 3 320 477 800 1200
si4-b03-m800.08 1 3 320 477 800 1200
si4-b03-m800.09 1 3 320 477 800 1200
si4-b03-m800.03 1 3 320 477 800 1200
si4-b03-m800.02 1 3 320 477 800 1200
si4-b03-m800.04 1 3 320 477 800 1200
si4-b03-m800.01 1 3 320 477 800 1200
si4-b03-m800.06 1 3 320 477 800 1200
si4-b03-m800.07 1 3 320 477 800 1200
si6-m4D-m1296.02 1 5 777 2050 1296 3600
si6-m4D-m1296.07 1 5 777 1425 1296 3600
si6-m4D-m1296.05 1 5 777 2058 1296 3600
si6-m4D-m1296.09 1 5 777 1477 1296 3600
si6-m4D-m1296.00 1 5 777 1508 1296 3600
si6-m4D-m1296.08 1 5 777 2048 1296 3600
si6-m4D-m1296.04 1 5 777 2024 1296 3600
si6-m4D-m1296.06 1 5 777 1359 1296 3600
si6-m4D-m1296.01 1 5 777 1464 1296 3600
si6-m4D-m1296.03 1 5 777 1424 1296 3600
si6-r001-m200.05 1 7 120 188 200 451
si6-r001-m200.09 1 7 120 191 200 448
si6-r001-m200.07 1 7 120 212 200 442
si6-r001-m200.02 1 7 120 206 200 447
si6-r001-m200.01 1 7 120 199 200 444
si6-r001-m200.00 1 7 120 212 200 440
si6-r001-m200.04 1 7 120 199 200 438
si6-r001-m200.06 1 7 120 211 200 450
si6-r001-m200.08 1 7 120 199 200 440
si6-r001-m200.03 1 7 120 193 200 445
si4-b06-m400.06 1 3 160 474 400 1200
si4-b06-m400.07 1 3 160 474 400 1200
si4-b06-m400.09 1 3 160 474 400 1200
si4-b06-m400.01 1 3 160 474 400 1200
si4-b06-m400.04 1 3 160 474 400 1200
si4-b06-m400.03 1 3 160 474 400 1200
si4-b06-m400.00 1 3 160 474 400 1200
si4-b06-m400.05 1 3 160 474 400 1200
si4-b06-m400.08 1 3 160 474 400 1200
si4-b06-m400.02 1 3 160 474 400 1200
si2-m4Dr6-m256.06 1 6 51 86 256 823
si2-m4Dr6-m256.05 1 6 51 82 256 823
si2-m4Dr6-m256.09 1 6 51 78 256 821
si2-m4Dr6-m256.00 1 6 51 87 256 824
si2-m4Dr6-m256.07 1 6 51 77 256 824
si2-m4Dr6-m256.04 1 6 51 87 256 822
si2-m4Dr6-m256.02 1 6 51 97 256 824
si2-m4Dr6-m256.01 1 6 51 76 256 823
si2-m4Dr6-m256.08 1 6 51 77 256 824
si2-m4Dr6-m256.03 1 6 51 93 256 820
si6-r01-m200.04 1 7 120 1373 200 3790
si6-r01-m200.08 1 7 120 1389 200 3776
si6-r01-m200.02 1 7 120 1366 200 3808
si6-r01-m200.09 1 7 120 1324 200 3786
si6-r01-m200.07 1 7 120 1351 200 3788
si6-r01-m200.00 1 7 120 1408 200 3797
si6-r01-m200.01 1 7 120 1352 200 3769
si6-r01-m200.03 1 7 120 1330 200 3794
si6-r01-m200.05 1 7 120 1344 200 3770
si6-r01-m200.06 1 7 120 1350 200 3757
si2-b03m-m800.03 1 4 160 182 800 1199
si2-b03m-m800.02 1 4 160 192 800 1198
si2-b03m-m800.09 1 4 160 180 800 1198
si2-b03m-m800.04 1 4 160 187 800 1200
si2-b03m-m800.06 1 4 160 188 800 1200
si2-b03m-m800.05 1 4 160 187 800 1200
si2-b03m-m800.01 1 4 160 187 800 1200
si2-b03m-m800.08 1 4 160 181 800 1199
si2-b03m-m800.07 1 4 160 186 800 1200
si2-b03m-m800.00 1 4 160 188 800 1199
si2-r001-m200.06 1 7 40 46 200 445
si2-r001-m200.01 1 7 40 48 200 449
si2-r001-m200.02 1 7 40 48 200 441
si2-r001-m200.07 1 7 40 54 200 456
si2-r001-m200.04 1 7 40 47 200 444
si2-r001-m200.05 1 7 40 44 200 452
si2-r001-m200.09 1 7 40 43 200 443
si2-r001-m200.03 1 7 40 46 200 449
si2-r001-m200.00 1 7 40 41 200 437
si2-r001-m200.08 1 7 40 46 200 443
si6-b03m-m800.01 1 4 480 641 800 1200
si6-b03m-m800.08 1 4 480 657 800 1200
si6-b03m-m800.03 1 4 480 651 800 1200
si6-b03m-m800.00 1 4 480 642 800 1200
si6-b03m-m800.04 1 4 480 650 800 1200
si6-b03m-m800.05 1 4 480 640 800 1200
si6-b03m-m800.07 1 4 480 650 800 1200
si6-b03m-m800.06 1 4 480 638 800 1198
si6-b03m-m800.09 1 4 480 647 800 1199
si6-b03m-m800.02 1 4 480 652 800 1200
si4-r005-m200.00 1 7 80 316 200 1949
si4-r005-m200.08 1 7 80 310 200 1947
si4-r005-m200.02 1 7 80 302 200 1943
si4-r005-m200.05 1 7 80 335 200 1946
si4-r005-m200.06 1 7 80 325 200 1958
si4-r005-m200.04 1 7 80 307 200 1948
si4-r005-m200.07 1 7 80 305 200 1954
si4-r005-m200.09 1 7 80 302 200 1935
si4-r005-m200.01 1 7 80 315 200 1949
si4-r005-m200.03 1 7 80 318 200 1948
si6-b09m-m400.03 1 4 240 821 400 1795
si6-b09m-m400.07 1 4 240 802 400 1796
si6-b09m-m400.00 1 4 240 832 400 1797
si6-b09m-m400.04 1 4 240 825 400 1795
si6-b09m-m400.06 1 4 240 825 400 1796
si6-b09m-m400.08 1 4 240 864 400 1798
si6-b09m-m400.02 1 4 240 837 400 1795
si6-b09m-m400.05 1 4 240 846 400 1792
si6-b09m-m400.09 1 4 240 799 400 1792
si6-b09m-m400.01 1 4 240 829 400 1797
si2-b09-m200.08 1 3 40 157 200 900
si2-b09-m200.01 1 3 40 156 200 900
si2-b09-m200.06 1 3 40 157 200 900
si2-b09-m200.05 1 3 40 157 200 900
si2-b09-m200.00 1 3 40 157 200 900
si2-b09-m200.02 1 3 40 154 200 900
si2-b09-m200.03 1 3 40 156 200 900
si2-b09-m200.04 1 3 40 156 200 900
si2-b09-m200.09 1 3 40 157 200 900
si2-b09-m200.07 1 3 40 157 200 900
si6-r01-m600.02 1 7 360 12235 600 34099
si6-r01-m600.06 1 7 360 12359 600 34176
si6-r01-m600.09 1 7 360 12410 600 34139
si6-r01-m600.08 1 7 360 12343 600 34194
si6-r01-m600.05 1 7 360 12310 600 34137
si6-r01-m600.07 1 7 360 12225 600 34093
si6-r01-m600.03 1 7 360 12368 600 34183
si6-r01-m600.00 1 7 360 12237 600 34191
si6-r01-m600.01 1 7 360 12175 600 34171
si6-r01-m600.04 1 7 360 12361 600 34143
si2-b06-m200.02 1 3 40 114 200 600
si2-b06-m200.00 1 3 40 114 200 600
si2-b06-m200.01 1 3 40 114 200 600
si2-b06-m200.06 1 3 40 114 200 600
si2-b06-m200.09 1 3 40 114 200 600
si2-b06-m200.07 1 3 40 114 200 600
si2-b06-m200.04 1 3 40 114 200 600
si2-b06-m200.08 1 3 40 114 200 600
si2-b06-m200.03 1 3 40 114 200 600
si2-b06-m200.05 1 3 40 114 200 600
si6-m4Dr2-m1296.05 1 6 777 1980 1296 3859
si6-m4Dr2-m1296.09 1 6 777 1896 1296 3858
si6-m4Dr2-m1296.01 1 6 777 2009 1296 3857
si6-m4Dr2-m1296.06 1 6 777 1758 1296 3859
si6-m4Dr2-m1296.07 1 6 777 1834 1296 3859
si6-m4Dr2-m1296.03 1 6 777 1936 1296 3858
si6-m4Dr2-m1296.04 1 6 777 1980 1296 3859
si6-m4Dr2-m1296.00 1 6 777 1801 1296 3859
si6-m4Dr2-m1296.08 1 6 777 1915 1296 3858
si6-m4Dr2-m1296.02 1 6 777 2001 1296 3859
si2-b09m-m800.09 1 4 160 357 800 3595
si2-b09m-m800.07 1 4 160 329 800 3596
si2-b09m-m800.00 1 4 160 397 800 3598
si2-b09m-m800.04 1 4 160 367 800 3592
si2-b09m-m800.02 1 4 160 420 800 3593
si2-b09m-m800.05 1 4 160 366 800 3598
si2-b09m-m800.03 1 4 160 380 800 3595
si2-b09m-m800.08 1 4 160 347 800 3595
si2-b09m-m800.06 1 4 160 404 800 3600
si2-b09m-m800.01 1 4 160 412 800 3595
si4-b03-m400.01 1 3 160 237 400 600
si4-b03-m400.02 1 3 160 237 400 600
si4-b03-m400.05 1 3 160 237 400 600
si4-b03-m400.07 1 3 160 237 400 600
si4-b03-m400.06 1 3 160 237 400 600
si4-b03-m400.00 1 3 160 237 400 600
si4-b03-m400.03 1 3 160 237 400 600
si4-b03-m400.04 1 3 160 237 400 600
si4-b03-m400.09 1 3 160 237 400 600
si4-b03-m400.08 1 3 160 237 400 600
si2-b03-m200.05 1 3 40 57 200 300
si2-b03-m200.09 1 3 40 57 200 300
si2-b03-m200.07 1 3 40 57 200 300
si2-b03-m200.01 1 3 40 57 200 300
si2-b03-m200.08 1 3 40 57 200 300
si2-b03-m200.02 1 3 40 57 200 300
si2-b03-m200.04 1 3 40 57 200 300
si2-b03-m200.03 1 3 40 57 200 300
si2-b03-m200.06 1 3 40 57 200 300
si2-b03-m200.00 1 3 40 57 200 300
si4-r005-m600.00 1 7 240 2851 600 17531
si4-r005-m600.02 1 7 240 2750 600 17548
si4-r005-m600.08 1 7 240 2818 600 17522
si4-r005-m600.05 1 7 240 2747 600 17540
si4-r005-m600.07 1 7 240 2770 600 17529
si4-r005-m600.06 1 7 240 2793 600 17565
si4-r005-m600.01 1 7 240 2806 600 17511
si4-r005-m600.04 1 7 240 2888 600 17542
si4-r005-m600.03 1 7 240 2843 600 17566
si4-r005-m600.09 1 7 240 2700 600 17521
si4-b09-m400.05 1 3 160 697 400 1800
si4-b09-m400.03 1 3 160 696 400 1800
si4-b09-m400.00 1 3 160 697 400 1800
si4-b09-m400.07 1 3 160 696 400 1800
si4-b09-m400.01 1 3 160 697 400 1800
si4-b09-m400.06 1 3 160 696 400 1800
si4-b09-m400.04 1 3 160 696 400 1800
si4-b09-m400.02 1 3 160 696 400 1800
si4-b09-m400.08 1 3 160 696 400 1800
si4-b09-m400.09 1 3 160 696 400 1800
si4-b06m-m400.06 1 4 160 352 400 1198
si4-b06m-m400.03 1 4 160 364 400 1198
si4-b06m-m400.01 1 4 160 356 400 1196
si4-b06m-m400.08 1 4 160 349 400 1199
si4-b06m-m400.05 1 4 160 312 400 1200
si4-b06m-m400.07 1 4 160 353 400 1200
si4-b06m-m400.00 1 4 160 348 400 1196
si4-b06m-m400.04 1 4 160 360 400 1200
si4-b06m-m400.09 1 4 160 340 400 1198
si4-b06m-m400.02 1 4 160 350 400 1198
si2-m4Dr2-m625.05 1 6 125 262 625 1825
si2-m4Dr2-m625.00 1 6 125 200 625 1824
si2-m4Dr2-m625.08 1 6 125 275 625 1825
si2-m4Dr2-m625.09 1 6 125 239 625 1824
si2-m4Dr2-m625.06 1 6 125 220 625 1824
si2-m4Dr2-m625.04 1 6 125 217 625 1825
si2-m4Dr2-m625.01 1 6 125 238 625 1825
si2-m4Dr2-m625.03 1 6 125 212 625 1825
si2-m4Dr2-m625.02 1 6 125 211 625 1825
si2-m4Dr2-m625.07 1 6 125 199 625 1825
si2-r005-m200.02 1 7 40 96 200 1941
si2-r005-m200.01 1 7 40 83 200 1941
si2-r005-m200.03 1 7 40 80 200 1949
si2-r005-m200.05 1 7 40 96 200 1954
si2-r005-m200.08 1 7 40 83 200 1937
si2-r005-m200.04 1 7 40 85 200 1953
si2-r005-m200.09 1 7 40 79 200 1934
si2-r005-m200.06 1 7 40 89 200 1943
si2-r005-m200.00 1 7 40 86 200 1938
si2-r005-m200.07 1 7 40 85 200 1946
si4-b03m-m400.03 1 4 160 202 400 599
si4-b03m-m400.09 1 4 160 205 400 600
si4-b03m-m400.08 1 4 160 202 400 599
si4-b03m-m400.04 1 4 160 203 400 600
si4-b03m-m400.00 1 4 160 201 400 600
si4-b03m-m400.01 1 4 160 198 400 600
si4-b03m-m400.07 1 4 160 203 400 600
si4-b03m-m400.02 1 4 160 199 400 600
si4-b03m-m400.06 1 4 160 194 400 600
si4-b03m-m400.05 1 4 160 207 400 600
si2-r01-m600.01 1 7 120 1380 600 34152
si2-r01-m600.06 1 7 120 1349 600 34158
si2-r01-m600.09 1 7 120 1404 600 34141
si2-r01-m600.08 1 7 120 1314 600 34166
si2-r01-m600.04 1 7 120 1389 600 34088
si2-r01-m600.02 1 7 120 1293 600 34188
si2-r01-m600.00 1 7 120 1322 600 34114
si2-r01-m600.07 1 7 120 1321 600 34083
si2-r01-m600.03 1 7 120 1350 600 34143
si2-r01-m600.05 1 7 120 1339 600 34210
si4-m4Dr6-m256.01 1 6 102 207 256 823
si4-m4Dr6-m256.00 1 6 102 204 256 825
si4-m4Dr6-m256.05 1 6 102 205 256 822
si4-m4Dr6-m256.08 1 6 102 187 256 824
si4-m4Dr6-m256.03 1 6 102 221 256 819
si4-m4Dr6-m256.06 1 6 102 221 256 825
si4-m4Dr6-m256.09 1 6 102 209 256 824
si4-m4Dr6-m256.07 1 6 102 196 256 825
si4-m4Dr6-m256.02 1 6 102 219 256 823
si4-m4Dr6-m256.04 1 6 102 207 256 824
si2-b03m-m400.02 1 4 80 96 400 600
si2-b03m-m400.00 1 4 80 94 400 600
si2-b03m-m400.01 1 4 80 90 400 599
si2-b03m-m400.05 1 4 80 94 400 598
si2-b03m-m400.08 1 4 80 93 400 599
si2-b03m-m400.07 1 4 80 88 400 599
si2-b03m-m400.09 1 4 80 92 400 600
si2-b03m-m400.03 1 4 80 94 400 600
si2-b03m-m400.04 1 4 80 89 400 600
si2-b03m-m400.06 1 4 80 89 400 600
si2-b03m-m200.05 1 4 40 50 200 300
si2-b03m-m200.03 1 4 40 45 200 300
si2-b03m-m200.00 1 4 40 47 200 299
si2-b03m-m200.08 1 4 40 48 200 300
si2-b03m-m200.06 1 4 40 47 200 300
si2-b03m-m200.02 1 4 40 46 200 299
si2-b03m-m200.09 1 4 40 45 200 300
si2-b03m-m200.04 1 4 40 43 200 299
si2-b03m-m200.01 1 4 40 45 200 300
si2-b03m-m200.07 1 4 40 44 200 299
si4-r001-m200.04 1 7 80 110 200 445
si4-r001-m200.07 1 7 80 114 200 443
si4-r001-m200.00 1 7 80 104 200 440
si4-r001-m200.01 1 7 80 114 200 447
si4-r001-m200.03 1 7 80 109 200 436
si4-r001-m200.06 1 7 80 117 200 441
si4-r001-m200.05 1 7 80 109 200 446
si4-r001-m200.08 1 7 80 111 200 448
si4-r001-m200.09 1 7 80 112 200 444
si4-r001-m200.02 1 7 80 119 200 451
si2-m4D-m256.08 1 5 51 104 256 672
si2-m4D-m256.03 1 5 51 106 256 672
si2-m4D-m256.02 1 5 51 100 256 672
si2-m4D-m256.06 1 5 51 106 256 672
si2-m4D-m256.04 1 5 51 96 256 672
si2-m4D-m256.07 1 5 51 101 256 672
si2-m4D-m256.01 1 5 51 106 256 672
si2-m4D-m256.09 1 5 51 100 256 672
si2-m4D-m256.00 1 5 51 102 256 672
si2-m4D-m256.05 1 5 51 107 256 672
si6-r01-m400.04 1 7 240 5443 400 15176
si6-r01-m400.08 1 7 240 5561 400 15185
si6-r01-m400.07 1 7 240 5421 400 15165
si6-r01-m400.06 1 7 240 5463 400 15168
si6-r01-m400.05 1 7 240 5386 400 15153
si6-r01-m400.02 1 7 240 5393 400 15158
si6-r01-m400.00 1 7 240 5415 400 15154
si6-r01-m400.03 1 7 240 5507 400 15174
si6-r01-m400.01 1 7 240 5501 400 15151
si6-r01-m400.09 1 7 240 5442 400 15206
si2-m4Dr4-m625.07 1 6 125 224 625 1950
si2-m4Dr4-m625.02 1 6 125 208 625 1948
si2-m4Dr4-m625.03 1 6 125 262 625 1947
si2-m4Dr4-m625.00 1 6 125 241 625 1948
si2-m4Dr4-m625.05 1 6 125 237 625 1949
si2-m4Dr4-m625.06 1 6 125 201 625 1949
si2-m4Dr4-m625.09 1 6 125 193 625 1947
si2-m4Dr4-m625.01 1 6 125 208 625 1950
si2-m4Dr4-m625.08 1 6 125 209 625 1950
si2-m4Dr4-m625.04 1 6 125 216 625 1949
si4-r01-m400.01 1 7 160 2433 400 15176
si4-r01-m400.08 1 7 160 2431 400 15158
si4-r01-m400.02 1 7 160 2409 400 15166
si4-r01-m400.03 1 7 160 2336 400 15191
si4-r01-m400.07 1 7 160 2396 400 15154
si4-r01-m400.06 1 7 160 2378 400 15111
si4-r01-m400.04 1 7 160 2401 400 15170
si4-r01-m400.00 1 7 160 2447 400 15187
si4-r01-m400.05 1 7 160 2422 400 15160
si4-r01-m400.09 1 7 160 2396 400 15168
si2-b09m-m400.09 1 4 80 164 400 1798
si2-b09m-m400.03 1 4 80 183 400 1798
si2-b09m-m400.01 1 4 80 156 400 1800
si2-b09m-m400.08 1 4 80 170 400 1796
si2-b09m-m400.05 1 4 80 207 400 1796
si2-b09m-m400.06 1 4 80 170 400 1796
si2-b09m-m400.00 1 4 80 186 400 1799
si2-b09m-m400.02 1 4 80 176 400 1795
si2-b09m-m400.04 1 4 80 183 400 1796
si2-b09m-m400.07 1 4 80 182 400 1793
si2-b09-m800.07 1 3 160 696 800 3600
si2-b09-m800.04 1 3 160 696 800 3600
si2-b09-m800.05 1 3 160 696 800 3600
si2-b09-m800.00 1 3 160 697 800 3600
si2-b09-m800.02 1 3 160 696 800 3600
si2-b09-m800.01 1 3 160 697 800 3600
si2-b09-m800.08 1 3 160 697 800 3600
si2-b09-m800.09 1 3 160 698 800 3600
si2-b09-m800.03 1 3 160 696 800 3600
si2-b09-m800.06 1 3 160 696 800 3600
si6-b03-m400.04 1 3 240 357 400 600
si6-b03-m400.09 1 3 240 357 400 600
si6-b03-m400.02 1 3 240 357 400 600
si6-b03-m400.06 1 3 240 357 400 600
si6-b03-m400.05 1 3 240 357 400 600
si6-b03-m400.08 1 3 240 357 400 600
si6-b03-m400.01 1 3 240 357 400 600
si6-b03-m400.07 1 3 240 357 400 600
si6-b03-m400.03 1 3 240 357 400 600
si6-b03-m400.00 1 3 240 357 400 600
si2-r005-m600.03 1 7 120 708 600 17505
si2-r005-m600.00 1 7 120 725 600 17555
si2-r005-m600.06 1 7 120 707 600 17499
si2-r005-m600.01 1 7 120 678 600 17569
si2-r005-m600.04 1 7 120 707 600 17543
si2-r005-m600.09 1 7 120 749 600 17530
si2-r005-m600.05 1 7 120 708 600 17546
si2-r005-m600.02 1 7 120 689 600 17530
si2-r005-m600.08 1 7 120 734 600 17517
si2-r005-m600.07 1 7 120 713 600 17495
si4-r01-m600.05 1 7 240 5516 600 34112
si4-r01-m600.02 1 7 240 5433 600 34145
si4-r01-m600.03 1 7 240 5451 600 34104
si4-r01-m600.07 1 7 240 5484 600 34082
si4-r01-m600.08 1 7 240 5422 600 34125
si4-r01-m600.06 1 7 240 5412 600 34176
si4-r01-m600.01 1 7 240 5516 600 34183
si4-r01-m600.04 1 7 240 5529 600 34150
si4-r01-m600.00 1 7 240 5515 600 34164
si4-r01-m600.09 1 7 240 5546 600 34183
si2-b09-m400.04 1 3 80 337 400 1800
si2-b09-m400.08 1 3 80 336 400 1800
si2-b09-m400.05 1 3 80 336 400 1800
si2-b09-m400.01 1 3 80 336 400 1800
si2-b09-m400.03 1 3 80 337 400 1800
si2-b09-m400.02 1 3 80 336 400 1800
si2-b09-m400.07 1 3 80 337 400 1800
si2-b09-m400.09 1 3 80 337 400 1800
si2-b09-m400.06 1 3 80 338 400 1800
si2-b09-m400.00 1 3 80 337 400 1800
si4-b06-m200.06 1 3 80 234 200 600
si4-b06-m200.03 1 3 80 234 200 600
si4-b06-m200.02 1 3 80 234 200 600
si4-b06-m200.07 1 3 80 234 200 600
si4-b06-m200.05 1 3 80 234 200 600
si4-b06-m200.08 1 3 80 234 200 600
si4-b06-m200.00 1 3 80 234 200 600
si4-b06-m200.04 1 3 80 234 200 600
si4-b06-m200.01 1 3 80 234 200 600
si4-b06-m200.09 1 3 80 234 200 600
si4-r005-m400.06 1 7 160 1182 400 7802
si4-r005-m400.03 1 7 160 1222 400 7778
si4-r005-m400.07 1 7 160 1217 400 7776
si4-r005-m400.01 1 7 160 1221 400 7797
si4-r005-m400.04 1 7 160 1214 400 7805
si4-r005-m400.00 1 7 160 1230 400 7781
si4-r005-m400.09 1 7 160 1273 400 7783
si4-r005-m400.05 1 7 160 1227 400 7812
si4-r005-m400.08 1 7 160 1230 400 7782
si4-r005-m400.02 1 7 160 1265 400 7781
si4-m4Dr2-m1296.07 1 6 518 1200 1296 3859
si4-m4Dr2-m1296.00 1 6 518 1223 1296 3858
si4-m4Dr2-m1296.05 1 6 518 1057 1296 3859
si4-m4Dr2-m1296.04 1 6 518 1117 1296 3859
si4-m4Dr2-m1296.08 1 6 518 1035 1296 3858
si4-m4Dr2-m1296.01 1 6 518 1180 1296 3859
si4-m4Dr2-m1296.06 1 6 518 1157 1296 3859
si4-m4Dr2-m1296.02 1 6 518 1134 1296 3858
si4-m4Dr2-m1296.03 1 6 518 1053 1296 3859
si4-m4Dr2-m1296.09 1 6 518 1095 1296 3858
si6-b09-m800.03 1 3 480 2137 800 3600
si6-b09-m800.09 1 3 480 2137 800 3600
si6-b09-m800.07 1 3 480 2136 800 3600
si6-b09-m800.05 1 3 480 2136 800 3600
si6-b09-m800.04 1 3 480 2136 800 3600
si6-b09-m800.01 1 3 480 2137 800 3600
si6-b09-m800.00 1 3 480 2137 800 3600
si6-b09-m800.02 1 3 480 2136 800 3600
si6-b09-m800.06 1 3 480 2136 800 3600
si6-b09-m800.08 1 3 480 2137 800 3600
si6-b06m-m400.00 1 4 240 585 400 1198
si6-b06m-m400.08 1 4 240 606 400 1198
si6-b06m-m400.03 1 4 240 588 400 1198
si6-b06m-m400.04 1 4 240 580 400 1197
si6-b06m-m400.06 1 4 240 602 400 1198
si6-b06m-m400.07 1 4 240 605 400 1197
si6-b06m-m400.09 1 4 240 587 400 1198
si6-b06m-m400.02 1 4 240 619 400 1197
si6-b06m-m400.01 1 4 240 605 400 1200
si6-b06m-m400.05 1 4 240 592 400 1197
si2-m4Dr4-m1296.08 1 6 259 458 1296 4118
si2-m4Dr4-m1296.07 1 6 259 451 1296 4116
si2-m4Dr4-m1296.03 1 6 259 443 1296 4115
si2-m4Dr4-m1296.05 1 6 259 463 1296 4117
si2-m4Dr4-m1296.06 1 6 259 538 1296 4116
si2-m4Dr4-m1296.04 1 6 259 534 1296 4118
si2-m4Dr4-m1296.09 1 6 259 490 1296 4117
si2-m4Dr4-m1296.01 1 6 259 455 1296 4118
si2-m4Dr4-m1296.00 1 6 259 505 1296 4118
si2-m4Dr4-m1296.02 1 6 259 430 1296 4117
si6-m4Dr6-m1296.02 1 6 777 1941 1296 4373
si6-m4Dr6-m1296.08 1 6 777 2003 1296 4375
si6-m4Dr6-m1296.07 1 6 777 2047 1296 4375
si6-m4Dr6-m1296.06 1 6 777 2012 1296 4376
si6-m4Dr6-m1296.03 1 6 777 1964 1296 4376
si6-m4Dr6-m1296.04 1 6 777 1921 1296 4376
si6-m4Dr6-m1296.05 1 6 777 1969 1296 4375
si6-m4Dr6-m1296.00 1 6 777 1975 1296 4374
si6-m4Dr6-m1296.09 1 6 777 2075 1296 4374
si6-m4Dr6-m1296.01 1 6 777 2053 1296 4376
si4-m4Dr2-m256.00 1 6 102 198 256 723
si4-m4Dr2-m256.01 1 6 102 208 256 723
si4-m4Dr2-m256.05 1 6 102 221 256 722
si4-m4Dr2-m256.04 1 6 102 213 256 722
si4-m4Dr2-m256.08 1 6 102 215 256 722
si4-m4Dr2-m256.07 1 6 102 198 256 722
si4-m4Dr2-m256.06 1 6 102 215 256 723
si4-m4Dr2-m256.02 1 6 102 219 256 723
si4-m4Dr2-m256.09 1 6 102 234 256 723
si4-m4Dr2-m256.03 1 6 102 198 256 722
si4-b09m-m200.01 1 4 80 224 200 896
si4-b09m-m200.00 1 4 80 217 200 899
si4-b09m-m200.03 1 4 80 223 200 897
si4-b09m-m200.06 1 4 80 230 200 896
si4-b09m-m200.02 1 4 80 228 200 899
si4-b09m-m200.04 1 4 80 240 200 899
si4-b09m-m200.05 1 4 80 244 200 897
si4-b09m-m200.07 1 4 80 232 200 896
si4-b09m-m200.08 1 4 80 226 200 894
si4-b09m-m200.09 1 4 80 206 200 899
si4-m4Dr4-m625.07 1 6 250 510 625 1948
si4-m4Dr4-m625.05 1 6 250 572 625 1948
si4-m4Dr4-m625.01 1 6 250 559 625 1949
si4-m4Dr4-m625.08 1 6 250 504 625 1949
si4-m4Dr4-m625.09 1 6 250 520 625 1950
si4-m4Dr4-m625.00 1 6 250 496 625 1950
si4-m4Dr4-m625.04 1 6 250 540 625 1950
si4-m4Dr4-m625.06 1 6 250 523 625 1948
si4-m4Dr4-m625.03 1 6 250 518 625 1948
si4-m4Dr4-m625.02 1 6 250 540 625 1950
si4-m4Dr4-m1296.03 1 6 518 1102 1296 4118
si4-m4Dr4-m1296.01 1 6 518 1029 1296 4117
si4-m4Dr4-m1296.00 1 6 518 1167 1296 4117
si4-m4Dr4-m1296.07 1 6 518 1213 1296 4116
si4-m4Dr4-m1296.02 1 6 518 1141 1296 4116
si4-m4Dr4-m1296.04 1 6 518 1137 1296 4118
si4-m4Dr4-m1296.09 1 6 518 1137 1296 4118
si4-m4Dr4-m1296.06 1 6 518 1083 1296 4116
si4-m4Dr4-m1296.08 1 6 518 1176 1296 4117
si4-m4Dr4-m1296.05 1 6 518 1113 1296 4118
si2-r005-m400.05 1 7 80 333 400 7808
si2-r005-m400.06 1 7 80 324 400 7773
si2-r005-m400.08 1 7 80 341 400 7799
si2-r005-m400.02 1 7 80 322 400 7788
si2-r005-m400.03 1 7 80 310 400 7775
si2-r005-m400.00 1 7 80 310 400 7774
si2-r005-m400.07 1 7 80 305 400 7813
si2-r005-m400.09 1 7 80 356 400 7799
si2-r005-m400.04 1 7 80 332 400 7774
si2-r005-m400.01 1 7 80 295 400 7773
si2-b06m-m400.03 1 4 80 137 400 1198
si2-b06m-m400.06 1 4 80 140 400 1198
si2-b06m-m400.05 1 4 80 160 400 1198
si2-b06m-m400.01 1 4 80 134 400 1197
si2-b06m-m400.00 1 4 80 151 400 1197
si2-b06m-m400.08 1 4 80 143 400 1198
si2-b06m-m400.07 1 4 80 142 400 1198
si2-b06m-m400.09 1 4 80 155 400 1199
si2-b06m-m400.04 1 4 80 139 400 1199
si2-b06m-m400.02 1 4 80 163 400 1197
si6-r005-m600.02 1 7 360 6278 600 17525
si6-r005-m600.08 1 7 360 6367 600 17538
si6-r005-m600.03 1 7 360 6349 600 17530
si6-r005-m600.05 1 7 360 6357 600 17498
si6-r005-m600.07 1 7 360 6338 600 17515
si6-r005-m600.04 1 7 360 6316 600 17556
si6-r005-m600.06 1 7 360 6222 600 17504
si6-r005-m600.01 1 7 360 6253 600 17546
si6-r005-m600.09 1 7 360 6296 600 17544
si6-r005-m600.00 1 7 360 6314 600 17517
si6-r005-m200.02 1 7 120 701 200 1959
si6-r005-m200.08 1 7 120 741 200 1946
si6-r005-m200.09 1 7 120 735 200 1947
si6-r005-m200.05 1 7 120 710 200 1953
si6-r005-m200.03 1 7 120 690 200 1954
si6-r005-m200.00 1 7 120 693 200 1956
si6-r005-m200.04 1 7 120 714 200 1956
si6-r005-m200.07 1 7 120 705 200 1947
si6-r005-m200.01 1 7 120 691 200 1949
si6-r005-m200.06 1 7 120 673 200 1944
si2-m4Dr6-m625.06 1 6 125 188 625 2072
si2-m4Dr6-m625.08 1 6 125 217 625 2074
si2-m4Dr6-m625.07 1 6 125 222 625 2073
si2-m4Dr6-m625.03 1 6 125 218 625 2075
si2-m4Dr6-m625.04 1 6 125 239 625 2074
si2-m4Dr6-m625.05 1 6 125 208 625 2072
si2-m4Dr6-m625.09 1 6 125 209 625 2073
si2-m4Dr6-m625.01 1 6 125 215 625 2074
si2-m4Dr6-m625.02 1 6 125 210 625 2073
si2-m4Dr6-m625.00 1 6 125 221 625 2073
si6-b03-m800.02 1 3 480 717 800 1200
si6-b03-m800.04 1 3 480 717 800 1200
si6-b03-m800.03 1 3 480 717 800 1200
si6-b03-m800.05 1 3 480 717 800 1200
si6-b03-m800.06 1 3 480 717 800 1200
si6-b03-m800.01 1 3 480 717 800 1200
si6-b03-m800.00 1 3 480 717 800 1200
si6-b03-m800.07 1 3 480 717 800 1200
si6-b03-m800.09 1 3 480 717 800 1200
si6-b03-m800.08 1 3 480 717 800 1200
si4-m4D-m1296.09 1 5 518 1536 1296 3600
si4-m4D-m1296.06 1 5 518 1528 1296 3600
si4-m4D-m1296.05 1 5 518 1530 1296 3600
si4-m4D-m1296.00 1 5 518 801 1296 3600
si4-m4D-m1296.03 1 5 518 778 1296 3600
si4-m4D-m1296.04 1 5 518 1520 1296 3600
si4-m4D-m1296.08 1 5 518 780 1296 3600
si4-m4D-m1296.02 1 5 518 825 1296 3600
si4-m4D-m1296.01 1 5 518 1530 1296 3600
si4-m4D-m1296.07 1 5 518 1531 1296 3600
si6-b03m-m400.03 1 4 240 319 400 600
si6-b03m-m400.01 1 4 240 319 400 600
si6-b03m-m400.09 1 4 240 319 400 600
si6-b03m-m400.08 1 4 240 323 400 599
si6-b03m-m400.07 1 4 240 329 400 600
si6-b03m-m400.02 1 4 240 322 400 598
si6-b03m-m400.05 1 4 240 324 400 600
si6-b03m-m400.00 1 4 240 321 400 598
si6-b03m-m400.06 1 4 240 324 400 600
si6-b03m-m400.04 1 4 240 321 400 600
si4-m4D-m256.07 1 5 102 239 256 672
si4-m4D-m256.06 1 5 102 237 256 672
si4-m4D-m256.05 1 5 102 247 256 672
si4-m4D-m256.08 1 5 102 237 256 672
si4-m4D-m256.04 1 5 102 241 256 672
si4-m4D-m256.09 1 5 102 246 256 672
si4-m4D-m256.02 1 5 102 237 256 672
si4-m4D-m256.00 1 5 102 245 256 672
si4-m4D-m256.03 1 5 102 243 256 672
si4-m4D-m256.01 1 5 102 238 256 672
si6-b06m-m800.07 1 4 480 1185 800 2398
si6-b06m-m800.04 1 4 480 1192 800 2400
si6-b06m-m800.01 1 4 480 1214 800 2398
si6-b06m-m800.00 1 4 480 1187 800 2396
si6-b06m-m800.05 1 4 480 1221 800 2396
si6-b06m-m800.08 1 4 480 1215 800 2398
si6-b06m-m800.09 1 4 480 1207 800 2398
si6-b06m-m800.02 1 4 480 1178 800 2398
si6-b06m-m800.03 1 4 480 1183 800 2393
si6-b06m-m800.06 1 4 480 1184 800 2396
si4-r001-m400.08 1 7 160 318 400 1632
si4-r001-m400.06 1 7 160 325 400 1632
si4-r001-m400.02 1 7 160 327 400 1627
si4-r001-m400.00 1 7 160 325 400 1636
si4-r001-m400.04 1 7 160 322 400 1624
si4-r001-m400.03 1 7 160 319 400 1637
si4-r001-m400.09 1 7 160 318 400 1644
si4-r001-m400.05 1 7 160 296 400 1632
si4-r001-m400.01 1 7 160 294 400 1628
si4-r001-m400.07 1 7 160 317 400 1638
si2-m4Dr6-m1296.00 1 6 259 450 1296 4374
si2-m4Dr6-m1296.01 1 6 259 459 1296 4374
si2-m4Dr6-m1296.09 1 6 259 486 1296 4374
si2-m4Dr6-m1296.06 1 6 259 460 1296 4377
si2-m4Dr6-m1296.03 1 6 259 537 1296 4374
si2-m4Dr6-m1296.02 1 6 259 460 1296 4375
si2-m4Dr6-m1296.05 1 6 259 430 1296 4374
si2-m4Dr6-m1296.08 1 6 259 513 1296 4373
si2-m4Dr6-m1296.04 1 6 259 459 1296 4375
si2-m4Dr6-m1296.07 1 6 259 457 1296 4375
si2-b03-m800.07 1 3 160 237 800 1200
si2-b03-m800.08 1 3 160 237 800 1200
si2-b03-m800.04 1 3 160 237 800 1200
si2-b03-m800.05 1 3 160 237 800 1200
si2-b03-m800.09 1 3 160 237 800 1200
si2-b03-m800.00 1 3 160 237 800 1200
si2-b03-m800.02 1 3 160 237 800 1200
si2-b03-m800.03 1 3 160 237 800 1200
si2-b03-m800.01 1 3 160 237 800 1200
si2-b03-m800.06 1 3 160 237 800 1200
si4-b03m-m200.05 1 4 80 102 200 300
si4-b03m-m200.02 1 4 80 97 200 300
si4-b03m-m200.04 1 4 80 102 200 300
si4-b03m-m200.07 1 4 80 104 200 300
si4-b03m-m200.00 1 4 80 98 200 300
si4-b03m-m200.06 1 4 80 100 200 299
si4-b03m-m200.03 1 4 80 95 200 299
si4-b03m-m200.09 1 4 80 96 200 300
si4-b03m-m200.08 1 4 80 100 200 299
si4-b03m-m200.01 1 4 80 97 200 299
si2-b06m-m200.04 1 4 40 73 200 599
si2-b06m-m200.03 1 4 40 82 200 598
si2-b06m-m200.08 1 4 40 86 200 597
si2-b06m-m200.06 1 4 40 72 200 600
si2-b06m-m200.05 1 4 40 84 200 597
si2-b06m-m200.02 1 4 40 76 200 597
si2-b06m-m200.00 1 4 40 62 200 600
si2-b06m-m200.01 1 4 40 64 200 598
si2-b06m-m200.09 1 4 40 72 200 598
si2-b06m-m200.07 1 4 40 67 200 598
si6-m4Dr4-m625.05 1 6 375 942 625 1950
si6-m4Dr4-m625.09 1 6 375 958 625 1949
si6-m4Dr4-m625.04 1 6 375 942 625 1950
si6-m4Dr4-m625.00 1 6 375 910 625 1950
si6-m4Dr4-m625.08 1 6 375 948 625 1948
si6-m4Dr4-m625.06 1 6 375 979 625 1950
si6-m4Dr4-m625.01 1 6 375 920 625 1948
si6-m4Dr4-m625.03 1 6 375 904 625 1949
si6-m4Dr4-m625.07 1 6 375 883 625 1950
si6-m4Dr4-m625.02 1 6 375 972 625 1950
si4-b03-m200.06 1 3 80 117 200 300
si4-b03-m200.02 1 3 80 117 200 300
si4-b03-m200.07 1 3 80 117 200 300
si4-b03-m200.04 1 3 80 117 200 300
si4-b03-m200.03 1 3 80 117 200 300
si4-b03-m200.05 1 3 80 117 200 300
si4-b03-m200.09 1 3 80 117 200 300
si4-b03-m200.01 1 3 80 117 200 300
si4-b03-m200.00 1 3 80 117 200 300
si4-b03-m200.08 1 3 80 117 200 300
si2-b03-m400.03 1 3 80 117 400 600
si2-b03-m400.06 1 3 80 117 400 600
si2-b03-m400.07 1 3 80 117 400 600
si2-b03-m400.01 1 3 80 117 400 600
si2-b03-m400.05 1 3 80 117 400 600
si2-b03-m400.09 1 3 80 117 400 600
si2-b03-m400.02 1 3 80 117 400 600
si2-b03-m400.00 1 3 80 117 400 600
si2-b03-m400.08 1 3 80 117 400 600
si2-b03-m400.04 1 3 80 117 400 600
si4-b09-m200.02 1 3 80 336 200 900
si4-b09-m200.01 1 3 80 336 200 900
si4-b09-m200.00 1 3 80 336 200 900
si4-b09-m200.09 1 3 80 337 200 900
si4-b09-m200.08 1 3 80 336 200 900
si4-b09-m200.04 1 3 80 336 200 900
si4-b09-m200.06 1 3 80 336 200 900
si4-b09-m200.05 1 3 80 336 200 900
si4-b09-m200.07 1 3 80 336 200 900
si4-b09-m200.03 1 3 80 336 200 900
si4-m4Dr4-m256.05 1 6 102 225 256 774
si4-m4Dr4-m256.09 1 6 102 228 256 773
si4-m4Dr4-m256.01 1 6 102 189 256 772
si4-m4Dr4-m256.03 1 6 102 195 256 773
si4-m4Dr4-m256.06 1 6 102 209 256 774
si4-m4Dr4-m256.07 1 6 102 238 256 774
si4-m4Dr4-m256.00 1 6 102 211 256 773
si4-m4Dr4-m256.02 1 6 102 233 256 773
si4-m4Dr4-m256.08 1 6 102 200 256 773
si4-m4Dr4-m256.04 1 6 102 201 256 772
si2-m4D-m625.01 1 5 125 300 625 1700
si2-m4D-m625.00 1 5 125 295 625 1700
si2-m4D-m625.08 1 5 125 300 625 1700
si2-m4D-m625.04 1 5 125 296 625 1700
si2-m4D-m625.09 1 5 125 300 625 1700
si2-m4D-m625.02 1 5 125 296 625 1700
si2-m4D-m625.05 1 5 125 300 625 1700
si2-m4D-m625.06 1 5 125 300 625 1700
si2-m4D-m625.07 1 5 125 300 625 1700
si2-m4D-m625.03 1 5 125 298 625 1700
si4-b09-m800.03 1 3 320 1417 800 3600
si4-b09-m800.02 1 3 320 1416 800 3600
si4-b09-m800.09 1 3 320 1419 800 3600
si4-b09-m800.06 1 3 320 1416 800 3600
si4-b09-m800.04 1 3 320 1417 800 3600
si4-b09-m800.05 1 3 320 1419 800 3600
si4-b09-m800.00 1 3 320 1416 800 3600
si4-b09-m800.01 1 3 320 1416 800 3600
si4-b09-m800.07 1 3 320 1417 800 3600
si4-b09-m800.08 1 3 320 1417 800 3600
si2-m4Dr4-m256.05 1 6 51 95 256 774
si2-m4Dr4-m256.02 1 6 51 82 256 773
si2-m4Dr4-m256.00 1 6 51 96 256 774
si2-m4Dr4-m256.07 1 6 51 100 256 774
si2-m4Dr4-m256.03 1 6 51 79 256 773
si2-m4Dr4-m256.06 1 6 51 82 256 773
si2-m4Dr4-m256.04 1 6 51 86 256 772
si2-m4Dr4-m256.09 1 6 51 78 256 772
si2-m4Dr4-m256.01 1 6 51 96 256 772
si2-m4Dr4-m256.08 1 6 51 96 256 773
si6-m4Dr2-m256.04 1 6 153 346 256 722
si6-m4Dr2-m256.08 1 6 153 370 256 723
si6-m4Dr2-m256.00 1 6 153 365 256 722
si6-m4Dr2-m256.07 1 6 153 378 256 723
si6-m4Dr2-m256.01 1 6 153 349 256 722
si6-m4Dr2-m256.09 1 6 153 354 256 723
si6-m4Dr2-m256.03 1 6 153 349 256 723
si6-m4Dr2-m256.05 1 6 153 363 256 723
si6-m4Dr2-m256.02 1 6 153 340 256 723
si6-m4Dr2-m256.06 1 6 153 357 256 722
si6-b06-m800.00 1 3 480 1434 800 2400
si6-b06-m800.05 1 3 480 1434 800 2400
si6-b06-m800.02 1 3 480 1434 800 2400
si6-b06-m800.07 1 3 480 1434 800 2400
si6-b06-m800.08 1 3 480 1434 800 2400
si6-b06-m800.09 1 3 480 1434 800 2400
si6-b06-m800.06 1 3 480 1434 800 2400
si6-b06-m800.01 1 3 480 1434 800 2400
si6-b06-m800.04 1 3 480 1434 800 2400
si6-b06-m800.03 1 3 480 1434 800 2400
si4-b09m-m800.06 1 4 320 929 800 3597
si4-b09m-m800.01 1 4 320 967 800 3595
si4-b09m-m800.02 1 4 320 990 800 3598
si4-b09m-m800.08 1 4 320 975 800 3592
si4-b09m-m800.04 1 4 320 980 800 3598
si4-b09m-m800.03 1 4 320 961 800 3598
si4-b09m-m800.09 1 4 320 988 800 3595
si4-b09m-m800.05 1 4 320 904 800 3592
si4-b09m-m800.00 1 4 320 982 800 3595
si4-b09m-m800.07 1 4 320 879 800 3597
si2-b06-m800.04 1 3 160 474 800 2400
si2-b06-m800.07 1 3 160 474 800 2400
si2-b06-m800.02 1 3 160 474 800 2400
si2-b06-m800.00 1 3 160 474 800 2400
si2-b06-m800.03 1 3 160 474 800 2400
si2-b06-m800.05 1 3 160 474 800 2400
si2-b06-m800.09 1 3 160 474 800 2400
si2-b06-m800.01 1 3 160 474 800 2400
si2-b06-m800.08 1 3 160 474 800 2400
si2-b06-m800.06 1 3 160 474 800 2400
si6-m4D-m256.03 1 5 153 398 256 672
si6-m4D-m256.08 1 5 153 406 256 672
si6-m4D-m256.07 1 5 153 398 256 672
si6-m4D-m256.00 1 5 153 394 256 672
si6-m4D-m256.01 1 5 153 395 256 672
si6-m4D-m256.05 1 5 153 402 256 672
si6-m4D-m256.09 1 5 153 296 256 672
si6-m4D-m256.04 1 5 153 397 256 672
si6-m4D-m256.02 1 5 153 402 256 672
si6-m4D-m256.06 1 5 153 393 256 672
si2-b06m-m800.07 1 4 160 283 800 2398
si2-b06m-m800.02 1 4 160 298 800 2397
si2-b06m-m800.03 1 4 160 299 800 2398
si2-b06m-m800.01 1 4 160 306 800 2396
si2-b06m-m800.08 1 4 160 291 800 2396
si2-b06m-m800.04 1 4 160 294 800 2397
si2-b06m-m800.06 1 4 160 318 800 2397
si2-b06m-m800.09 1 4 160 304 800 2397
si2-b06m-m800.05 1 4 160 296 800 2396
si2-b06m-m800.00 1 4 160 316 800 2398
si4-b06m-m200.00 1 4 80 168 200 596
si4-b06m-m200.08 1 4 80 168 200 599
si4-b06m-m200.05 1 4 80 181 200 599
si4-b06m-m200.09 1 4 80 173 200 600
si4-b06m-m200.01 1 4 80 180 200 598
si4-b06m-m200.07 1 4 80 171 200 597
si4-b06m-m200.02 1 4 80 172 200 599
si4-b06m-m200.04 1 4 80 174 200 600
si4-b06m-m200.06 1 4 80 172 200 598
si4-b06m-m200.03 1 4 80 160 200 598
si6-r001-m400.09 1 7 240 623 400 1634
si6-r001-m400.05 1 7 240 618 400 1639
si6-r001-m400.00 1 7 240 664 400 1633
si6-r001-m400.04 1 7 240 606 400 1638
si6-r001-m400.07 1 7 240 644 400 1639
si6-r001-m400.06 1 7 240 638 400 1633
si6-r001-m400.02 1 7 240 634 400 1638
si6-r001-m400.03 1 7 240 617 400 1633
si6-r001-m400.08 1 7 240 581 400 1644
si6-r001-m400.01 1 7 240 660 400 1643
si6-m4D-m625.00 1 5 375 1100 625 1700
si6-m4D-m625.07 1 5 375 645 625 1700
si6-m4D-m625.05 1 5 375 680 625 1700
si6-m4D-m625.08 1 5 375 1100 625 1700
si6-m4D-m625.02 1 5 375 1100 625 1700
si6-m4D-m625.03 1 5 375 665 625 1700
si6-m4D-m625.04 1 5 375 1100 625 1700
si6-m4D-m625.09 1 5 375 687 625 1700
si6-m4D-m625.01 1 5 375 1100 625 1700
si6-m4D-m625.06 1 5 375 715 625 1700
si6-b09m-m800.02 1 4 480 1683 800 3596
si6-b09m-m800.09 1 4 480 1669 800 3595
si6-b09m-m800.04 1 4 480 1735 800 3596
si6-b09m-m800.07 1 4 480 1660 800 3593
si6-b09m-m800.00 1 4 480 1690 800 3598
si6-b09m-m800.05 1 4 480 1652 800 3591
si6-b09m-m800.03 1 4 480 1733 800 3593
si6-b09m-m800.01 1 4 480 1714 800 3597
si6-b09m-m800.06 1 4 480 1723 800 3596
si6-b09m-m800.08 1 4 480 1656 800 3590
si4-m4Dr6-m1296.01 1 6 518 1111 1296 4374
si4-m4Dr6-m1296.07 1 6 518 1103 1296 4377
si4-m4Dr6-m1296.06 1 6 518 1099 1296 4376
si4-m4Dr6-m1296.02 1 6 518 1179 1296 4374
si4-m4Dr6-m1296.08 1 6 518 1075 1296 4373
si4-m4Dr6-m1296.03 1 6 518 1214 1296 4376
si4-m4Dr6-m1296.00 1 6 518 1130 1296 4375
si4-m4Dr6-m1296.09 1 6 518 1101 1296 4375
si4-m4Dr6-m1296.05 1 6 518 1155 1296 4373
si4-m4Dr6-m1296.04 1 6 518 1186 1296 4375
si2-b06-m400.09 1 3 80 234 400 1200
si2-b06-m400.02 1 3 80 234 400 1200
si2-b06-m400.00 1 3 80 234 400 1200
si2-b06-m400.03 1 3 80 234 400 1200
si2-b06-m400.07 1 3 80 234 400 1200
si2-b06-m400.04 1 3 80 234 400 1200
si2-b06-m400.05 1 3 80 234 400 1200
si2-b06-m400.01 1 3 80 234 400 1200
si2-b06-m400.08 1 3 80 234 400 1200
si2-b06-m400.06 1 3 80 234 400 1200
si4-r01-m200.01 1 7 80 614 200 3778
si4-r01-m200.08 1 7 80 570 200 3789
si4-r01-m200.03 1 7 80 584 200 3778
si4-r01-m200.04 1 7 80 588 200 3810
si4-r01-m200.07 1 7 80 606 200 3773
si4-r01-m200.02 1 7 80 580 200 3778
si4-r01-m200.05 1 7 80 632 200 3781
si4-r01-m200.06 1 7 80 616 200 3786
si4-r01-m200.00 1 7 80 593 200 3805
si4-r01-m200.09 1 7 80 609 200 3797
si2-r001-m400.06 1 7 80 114 400 1637
si2-r001-m400.08 1 7 80 124 400 1635
si2-r001-m400.09 1 7 80 113 400 1630
si2-r001-m400.01 1 7 80 118 400 1641
si2-r001-m400.03 1 7 80 122 400 1630
si2-r001-m400.04 1 7 80 111 400 1640
si2-r001-m400.05 1 7 80 111 400 1640
si2-r001-m400.02 1 7 80 110 400 1636
si2-r001-m400.00 1 7 80 126 400 1631
si2-r001-m400.07 1 7 80 113 400 1640
si4-b03m-m800.03 1 4 320 412 800 1199
si4-b03m-m800.05 1 4 320 406 800 1199
si4-b03m-m800.06 1 4 320 395 800 1198
si4-b03m-m800.01 1 4 320 414 800 1200
si4-b03m-m800.08 1 4 320 404 800 1199
si4-b03m-m800.09 1 4 320 405 800 1200
si4-b03m-m800.00 1 4 320 407 800 1199
si4-b03m-m800.02 1 4 320 406 800 1198
si4-b03m-m800.07 1 4 320 418 800 1200
si4-b03m-m800.04 1 4 320 400 800 1199
si2-r01-m200.03 1 7 40 141 200 3788
si2-r01-m200.00 1 7 40 137 200 3795
si2-r01-m200.05 1 7 40 159 200 3789
si2-r01-m200.01 1 7 40 161 200 3767
si2-r01-m200.08 1 7 40 157 200 3789
si2-r01-m200.06 1 7 40 153 200 3780
si2-r01-m200.09 1 7 40 163 200 3764
si2-r01-m200.02 1 7 40 154 200 3798
si2-r01-m200.07 1 7 40 156 200 3794
si2-r01-m200.04 1 7 40 143 200 3785
si2-r01-m400.04 1 7 80 606 400 15169
si2-r01-m400.00 1 7 80 613 400 15136
si2-r01-m400.07 1 7 80 579 400 15151
si2-r01-m400.09 1 7 80 607 400 15165
si2-r01-m400.01 1 7 80 605 400 15188
si2-r01-m400.03 1 7 80 630 400 15193
si2-r01-m400.02 1 7 80 575 400 15164
si2-r01-m400.05 1 7 80 599 400 15144
si2-r01-m400.06 1 7 80 569 400 15124
si2-r01-m400.08 1 7 80 611 400 15167
si4-m4D-m625.09 1 5 250 666 625 1700
si4-m4D-m625.03 1 5 250 666 625 1700
si4-m4D-m625.07 1 5 250 419 625 1700
si4-m4D-m625.02 1 5 250 364 625 1700
si4-m4D-m625.00 1 5 250 677 625 1700
si4-m4D-m625.01 1 5 250 419 625 1700
si4-m4D-m625.04 1 5 250 670 625 1700
si4-m4D-m625.06 1 5 250 676 625 1700
si4-m4D-m625.08 1 5 250 409 625 1700
si4-m4D-m625.05 1 5 250 676 625 1700
si6-m4Dr6-m256.05 1 6 153 339 256 824
si6-m4Dr6-m256.04 1 6 153 385 256 822
si6-m4Dr6-m256.03 1 6 153 388 256 823
si6-m4Dr6-m256.02 1 6 153 391 256 825
si6-m4Dr6-m256.08 1 6 153 362 256 823
si6-m4Dr6-m256.00 1 6 153 360 256 824
si6-m4Dr6-m256.09 1 6 153 385 256 823
si6-m4Dr6-m256.07 1 6 153 394 256 824
si6-m4Dr6-m256.06 1 6 153 390 256 824
si6-m4Dr6-m256.01 1 6 153 384 256 822
si6-b09-m400.07 1 3 240 1056 400 1800
si6-b09-m400.03 1 3 240 1056 400 1800
si6-b09-m400.04 1 3 240 1057 400 1800
si6-b09-m400.06 1 3 240 1056 400 1800
si6-b09-m400.05 1 3 240 1059 400 1800
si6-b09-m400.09 1 3 240 1056 400 1800
si6-b09-m400.02 1 3 240 1057 400 1800
si6-b09-m400.01 1 3 240 1057 400 1800
si6-b09-m400.08 1 3 240 1056 400 1800
si6-b09-m400.00 1 3 240 1057 400 1800
si6-b06-m400.03 1 3 240 714 400 1200
si6-b06-m400.08 1 3 240 714 400 1200
si6-b06-m400.07 1 3 240 714 400 1200
si6-b06-m400.04 1 3 240 714 400 1200
si6-b06-m400.05 1 3 240 714 400 1200
si6-b06-m400.06 1 3 240 714 400 1200
si6-b06-m400.02 1 3 240 714 400 1200
si6-b06-m400.01 1 3 240 714 400 1200
si6-b06-m400.00 1 3 240 714 400 1200
si6-b06-m400.09 1 3 240 714 400 1200
si6-b03m-m200.04 1 4 120 160 200 300
si6-b03m-m200.07 1 4 120 162 200 300
si6-b03m-m200.08 1 4 120 159 200 300
si6-b03m-m200.02 1 4 120 159 200 300
si6-b03m-m200.03 1 4 120 155 200 300
si6-b03m-m200.06 1 4 120 160 200 300
si6-b03m-m200.01 1 4 120 160 200 300
si6-b03m-m200.09 1 4 120 156 200 300
si6-b03m-m200.00 1 4 120 154 200 300
si6-b03m-m200.05 1 4 120 169 200 300
si4-b06-m800.04 1 3 320 954 800 2400
si4-b06-m800.00 1 3 320 954 800 2400
si4-b06-m800.08 1 3 320 954 800 2400
si4-b06-m800.05 1 3 320 954 800 2400
si4-b06-m800.03 1 3 320 954 800 2400
si4-b06-m800.06 1 3 320 954 800 2400
si4-b06-m800.07 1 3 320 954 800 2400
si4-b06-m800.01 1 3 320 954 800 2400
si4-b06-m800.02 1 3 320 954 800 2400
si4-b06-m800.09 1 3 320 954 800 2400
si6-b09m-m200.07 1 4 120 415 200 896
si6-b09m-m200.06 1 4 120 399 200 896
si6-b09m-m200.01 1 4 120 395 200 896
si6-b09m-m200.08 1 4 120 391 200 895
si6-b09m-m200.00 1 4 120 405 200 897
si6-b09m-m200.09 1 4 120 383 200 897
si6-b09m-m200.02 1 4 120 394 200 894
si6-b09m-m200.05 1 4 120 391 200 898
si6-b09m-m200.03 1 4 120 401 200 895
si6-b09m-m200.04 1 4 120 408 200 890
si4-b09m-m400.07 1 4 160 491 400 1797
si4-b09m-m400.06 1 4 160 474 400 1794
si4-b09m-m400.00 1 4 160 475 400 1796
si4-b09m-m400.08 1 4 160 469 400 1796
si4-b09m-m400.04 1 4 160 445 400 1799
si4-b09m-m400.09 1 4 160 469 400 1792
si4-b09m-m400.02 1 4 160 474 400 1796
si4-b09m-m400.03 1 4 160 463 400 1796
si4-b09m-m400.01 1 4 160 464 400 1798
si4-b09m-m400.05 1 4 160 452 400 1796
si6-m4Dr4-m1296.03 1 6 777 1966 1296 4118
si6-m4Dr4-m1296.06 1 6 777 1934 1296 4118
si6-m4Dr4-m1296.04 1 6 777 1870 1296 4118
si6-m4Dr4-m1296.01 1 6 777 2009 1296 4118
si6-m4Dr4-m1296.09 1 6 777 2030 1296 4117
si6-m4Dr4-m1296.02 1 6 777 1917 1296 4114
si6-m4Dr4-m1296.08 1 6 777 2038 1296 4118
si6-m4Dr4-m1296.05 1 6 777 1888 1296 4117
si6-m4Dr4-m1296.07 1 6 777 1884 1296 4117
si6-m4Dr4-m1296.00 1 6 777 1980 1296 4116
si6-b06-m200.09 1 3 120 354 200 600
si6-b06-m200.03 1 3 120 354 200 600
si6-b06-m200.05 1 3 120 354 200 600
si6-b06-m200.00 1 3 120 354 200 600
si6-b06-m200.08 1 3 120 354 200 600
si6-b06-m200.02 1 3 120 354 200 600
si6-b06-m200.06 1 3 120 354 200 600
si6-b06-m200.04 1 3 120 354 200 600
si6-b06-m200.01 1 3 120 354 200 600
si6-b06-m200.07 1 3 120 354 200 600
si4-m4Dr6-m625.02 1 6 250 572 625 2074
si4-m4Dr6-m625.06 1 6 250 545 625 2073
si4-m4Dr6-m625.03 1 6 250 561 625 2074
si4-m4Dr6-m625.07 1 6 250 536 625 2070
si4-m4Dr6-m625.08 1 6 250 545 625 2073
si4-m4Dr6-m625.09 1 6 250 491 625 2074
si4-m4Dr6-m625.00 1 6 250 559 625 2074
si4-m4Dr6-m625.01 1 6 250 535 625 2074
si4-m4Dr6-m625.05 1 6 250 572 625 2073
si4-m4Dr6-m625.04 1 6 250 532 625 2074
si6-b06m-m200.09 1 4 120 296 200 597
si6-b06m-m200.02 1 4 120 286 200 599
si6-b06m-m200.05 1 4 120 305 200 599
si6-b06m-m200.00 1 4 120 287 200 600
si6-b06m-m200.07 1 4 120 297 200 599
si6-b06m-m200.04 1 4 120 311 200 597
si6-b06m-m200.08 1 4 120 281 200 600
si6-b06m-m200.06 1 4 120 294 200 596
si6-b06m-m200.03 1 4 120 295 200 597
si6-b06m-m200.01 1 4 120 301 200 599
si6-m4Dr4-m256.05 1 6 153 367 256 774
si6-m4Dr4-m256.03 1 6 153 348 256 773
si6-m4Dr4-m256.02 1 6 153 359 256 773
si6-m4Dr4-m256.01 1 6 153 398 256 774
si6-m4Dr4-m256.08 1 6 153 342 256 773
si6-m4Dr4-m256.09 1 6 153 329 256 773
si6-m4Dr4-m256.07 1 6 153 345 256 773
si6-m4Dr4-m256.06 1 6 153 362 256 773
si6-m4Dr4-m256.04 1 6 153 364 256 774
si6-m4Dr4-m256.00 1 6 153 350 256 772
si4-r001-m600.01 1 7 240 654 600 3635
si4-r001-m600.08 1 7 240 656 600 3621
si4-r001-m600.02 1 7 240 670 600 3630
si4-r001-m600.07 1 7 240 643 600 3629
si4-r001-m600.05 1 7 240 665 600 3638
si4-r001-m600.06 1 7 240 669 600 3636
si4-r001-m600.00 1 7 240 670 600 3621
si4-r001-m600.04 1 7 240 628 600 3637
si4-r001-m600.09 1 7 240 653 600 3621
si4-r001-m600.03 1 7 240 629 600 3637
si2-b09m-m200.08 1 4 40 117 200 895
si2-b09m-m200.06 1 4 40 80 200 898
si2-b09m-m200.03 1 4 40 78 200 898
si2-b09m-m200.09 1 4 40 79 200 894
si2-b09m-m200.04 1 4 40 91 200 899
si2-b09m-m200.00 1 4 40 102 200 897
si2-b09m-m200.01 1 4 40 79 200 895
si2-b09m-m200.05 1 4 40 81 200 897
si2-b09m-m200.07 1 4 40 87 200 894
si2-b09m-m200.02 1 4 40 86 200 897
si6-b03-m200.01 1 3 120 177 200 300
si6-b03-m200.03 1 3 120 177 200 300
si6-b03-m200.04 1 3 120 177 200 300
si6-b03-m200.08 1 3 120 177 200 300
si6-b03-m200.07 1 3 120 177 200 300
si6-b03-m200.09 1 3 120 177 200 300
si6-b03-m200.05 1 3 120 177 200 300
si6-b03-m200.02 1 3 120 177 200 300
si6-b03-m200.06 1 3 120 177 200 300
si6-b03-m200.00 1 3 120 177 200 300
si6-b09-m200.09 1 3 120 517 200 900
si6-b09-m200.06 1 3 120 517 200 900
si6-b09-m200.08 1 3 120 516 200 900
si6-b09-m200.03 1 3 120 517 200 900
si6-b09-m200.00 1 3 120 517 200 900
si6-b09-m200.02 1 3 120 517 200 900
si6-b09-m200.07 1 3 120 516 200 900
si6-b09-m200.04 1 3 120 516 200 900
si6-b09-m200.01 1 3 120 517 200 900
si6-b09-m200.05 1 3 120 517 200 900
g10-g11 0 2 41 80 42 114
g10-g12 0 2 41 80 48 203
g10-g13 0 2 41 80 49 125
g10-g14 0 2 41 80 50 109
g10-g15 0 2 41 80 50 145
g10-g16 0 2 41 80 53 189
g10-g20 1 2 41 80 64 728
g10-g21 1 2 41 80 64 1848
g10-g22 0 2 41 80 67 224
g10-g23 0 2 41 80 73 283
g10-g25 0 2 41 80 75 114
g10-g26 0 2 41 80 80 254
g10-g27 1 2 41 80 86 400
g10-g28 0 2 41 80 97 92
g10-g29 1 2 41 80 100 906
g10-g30 1 2 41 80 100 907
g10-g31 1 2 41 80 100 1000
g10-g32 1 2 41 80 100 4950
g10-g33 0 2 41 80 101 297
g10-g37 0 2 41 80 120 638
g10-g38 0 2 41 80 121 210
g10-g40 1 2 41 80 121 3600
g10-g41 0 2 41 80 128 368
g10-g42 0 2 41 80 128 508
g10-g43 1 2 41 80 128 824
g10-g44 1 2 41 80 128 892
g10-g45 1 2 41 80 128 894
g10-g46 1 2 41 80 128 938
g10-g47 1 2 41 80 128 939
g10-g48 1 2 41 80 128 1000
g10-g49 1 2 41 80 128 1027
g10-g50 1 2 41 80 128 3216
g11-g12 0 2 42 114 48 203
g11-g13 0 2 42 114 49 125
g11-g14 0 2 42 114 50 109
g11-g15 0 2 42 114 50 145
g11-g16 0 2 42 114 53 189
g11-g20 1 2 42 114 64 728
g11-g21 1 2 42 114 64 1848
g11-g22 0 2 42 114 67 224
g11-g23 0 2 42 114 73 283
g11-g25 0 2 42 114 75 114
g11-g26 0 2 42 114 80 254
g11-g27 0 2 42 114 86 400
g11-g28 0 2 42 114 97 92
g11-g29 0 2 42 114 100 906
g11-g30 0 2 42 114 100 907
g11-g31 0 2 42 114 100 1000
g11-g32 1 2 42 114 100 4950
g11-g33 0 2 42 114 101 297
g11-g37 0 2 42 114 120 638
g11-g38 0 2 42 114 121 210
g11-g40 1 2 42 114 121 3600
g11-g41 0 2 42 114 128 368
g11-g42 0 2 42 114 128 508
g11-g43 1 2 42 114 128 824
g11-g44 0 2 42 114 128 892
g11-g45 0 2 42 114 128 894
g11-g46 0 2 42 114 128 938
g11-g47 0 2 42 114 128 939
g11-g48 0 2 42 114 128 1000
g11-g49 0 2 42 114 128 1027
g11-g50 1 2 42 114 128 3216
g12-g20 0 2 48 203 64 728
g12-g21 1 2 48 203 64 1848
g12-g23 0 2 48 203 73 283
g12-g26 0 2 48 203 80 254
g12-g27 0 2 48 203 86 400
g12-g29 0 2 48 203 100 906
g12-g30 0 2 48 203 100 907
g12-g31 0 2 48 203 100 1000
g12-g32 1 2 48 203 100 4950
g12-g38 0 2 48 203 121 210
g12-g40 1 2 48 203 121 3600
g12-g43 0 2 48 203 128 824
g12-g44 0 2 48 203 128 892
g12-g45 0 2 48 203 128 894
g12-g46 0 2 48 203 128 938
g12-g47 0 2 48 203 128 939
g12-g48 0 2 48 203 128 1000
g12-g50 1 2 48 203 128 3216
g13-g15 1 2 49 125 50 145
g13-g20 0 2 49 125 64 728
g13-g21 1 2 49 125 64 1848
g13-g23 0 2 49 125 73 283
g13-g25 0 2 49 125 75 114
g13-g26 0 2 49 125 80 254
g13-g27 0 2 49 125 86 400
g13-g29 0 2 49 125 100 906
g13-g30 0 2 49 125 100 907
g13-g31 0 2 49 125 100 1000
g13-g32 1 2 49 125 100 4950
g13-g38 0 2 49 125 121 210
g13-g40 1 2 49 125 121 3600
g13-g43 1 2 49 125 128 824
g13-g44 0 2 49 125 128 892
g13-g45 0 2 49 125 128 894
g13-g46 0 2 49 125 128 938
g13-g47 0 2 49 125 128 939
g13-g48 0 2 49 125 128 1000
g13-g49 0 2 49 125 128 1027
g13-g50 1 2 49 125 128 3216
g14-g15 0 2 50 109 50 145
g14-g20 0 2 50 109 64 728
g14-g21 1 2 50 109 64 1848
g14-g23 0 2 50 109 73 283
g14-g25 0 2 50 109 75 114
g14-g26 0 2 50 109 80 254
g14-g27 1 2 50 109 86 400
g14-g29 0 2 50 109 100 906
g14-g30 0 2 50 109 100 907
g14-g31 0 2 50 109 100 1000
g14-g32 1 2 50 109 100 4950
g14-g38 0 2 50 109 121 210
g14-g40 1 2 50 109 121 3600
g14-g43 1 2 50 109 128 824
g14-g44 0 2 50 109 128 892
g14-g45 0 2 50 109 128 894
g14-g46 0 2 50 109 128 938
g14-g47 0 2 50 109 128 939
g14-g48 0 2 50 109 128 1000
g14-g49 1 2 50 109 128 1027
g14-g50 1 2 50 109 128 3216
g15-g20 0 2 50 145 64 728
g15-g21 1 2 50 145 64 1848
g15-g23 0 2 50 145 73 283
g15-g25 0 2 50 145 75 114
g15-g26 0 2 50 145 80 254
g15-g27 0 2 50 145 86 400
g15-g29 0 2 50 145 100 906
g15-g30 0 2 50 145 100 907
g15-g31 0 2 50 145 100 1000
g15-g32 1 2 50 145 100 4950
g15-g38 0 2 50 145 121 210
g15-g40 1 2 50 145 121 3600
g15-g43 1 2 50 145 128 824
g15-g44 0 2 50 145 128 892
g15-g45 0 2 50 145 128 894
g15-g46 0 2 50 145 128 938
g15-g47 0 2 50 145 128 939
g15-g48 0 2 50 145 128 1000
g15-g49 0 2 50 145 128 1027
g15-g50 1 2 50 145 128 3216
g16-g20 0 2 53 189 64 728
g16-g21 1 2 53 189 64 1848
g16-g22 0 2 53 189 67 224
g16-g23 0 2 53 189 73 283
g16-g25 0 2 53 189 75 114
g16-g26 0 2 53 189 80 254
g16-g27 0 2 53 189 86 400
g16-g28 0 2 53 189 97 92
g16-g29 0 2 53 189 100 906
g16-g30 0 2 53 189 100 907
g16-g31 0 2 53 189 100 1000
g16-g32 1 2 53 189 100 4950
g16-g33 0 2 53 189 101 297
g16-g37 1 2 53 189 120 638
g16-g38 0 2 53 189 121 210
g16-g40 1 2 53 189 121 3600
g16-g43 -1 2 53 189 128 824
g16-g44 0 2 53 189 128 892
g16-g45 0 2 53 189 128 894
g16-g46 0 2 53 189 128 938
g16-g47 0 2 53 189 128 939
g16-g48 0 2 53 189 128 1000
g16-g49 0 2 53 189 128 1027
g16-g50 1 2 53 189 128 3216
g17-g18 1 2 64 112 64 128
g17-g19 0 2 64 112 64 168
g17-g20 1 2 64 112 64 728
g17-g21 1 2 64 112 64 1848
g17-g22 0 2 64 112 67 224
g17-g23 0 2 64 112 73 283
g17-g24 0 2 64 112 75 67
g17-g25 0 2 64 112 75 114
g17-g26 0 2 64 112 80 254
g17-g27 -1 2 64 112 86 400
g17-g28 0 2 64 112 97 92
g17-g29 1 2 64 112 100 906
g17-g30 1 2 64 112 100 907
g17-g31 1 2 64 112 100 1000
g17-g32 1 2 64 112 100 4950
g17-g33 0 2 64 112 101 297
g17-g34 0 2 64 112 120 240
g17-g35 0 2 64 112 120 317
g17-g36 0 2 64 112 120 321
g17-g37 1 2 64 112 120 638
g17-g38 0 2 64 112 121 210
g17-g39 1 2 64 112 121 320
g17-g40 1 2 64 112 121 3600
g17-g41 0 2 64 112 128 368
g17-g42 0 2 64 112 128 508
g17-g43 1 2 64 112 128 824
g17-g44 1 2 64 112 128 892
g17-g45 1 2 64 112 128 894
g17-g46 1 2 64 112 128 938
g17-g47 1 2 64 112 128 939
g17-g48 1 2 64 112 128 1000
g17-g49 1 2 64 112 128 1027
g17-g50 1 2 64 112 128 3216
g18-g19 0 2 64 128 64 168
g18-g20 1 2 64 128 64 728
g18-g21 1 2 64 128 64 1848
g18-g22 0 2 64 128 67 224
g18-g23 0 2 64 128 73 283
g18-g24 0 2 64 128 75 67
g18-g25 0 2 64 128 75 114
g18-g26 0 2 64 128 80 254
g18-g27 0 2 64 128 86 400
g18-g28 0 2 64 128 97 92
g18-g29 1 2 64 128 100 906
g18-g30 1 2 64 128 100 907
g18-g31 1 2 64 128 100 1000
g18-g32 1 2 64 128 100 4950
g18-g33 0 2 64 128 101 297
g18-g34 0 2 64 128 120 240
g18-g35 0 2 64 128 120 317
g18-g36 0 2 64 128 120 321
g18-g37 0 2 64 128 120 638
g18-g38 0 2 64 128 121 210
g18-g39 0 2 64 128 121 320
g18-g40 1 2 64 128 121 3600
g18-g41 0 2 64 128 128 368
g18-g42 0 2 64 128 128 508
g18-g43 -1 2 64 128 128 824
g18-g44 1 2 64 128 128 892
g18-g45 1 2 64 128 128 894
g18-g46 -1 2 64 128 128 938
g18-g47 -1 2 64 128 128 939
g18-g48 1 2 64 128 128 1000
g18-g49 -1 2 64 128 128 1027
g18-g50 1 2 64 128 128 3216
g19-g20 1 2 64 168 64 728
g19-g21 1 2 64 168 64 1848
g19-g22 0 2 64 168 67 224
g19-g23 0 2 64 168 73 283
g19-g25 0 2 64 168 75 114
g19-g26 0 2 64 168 80 254
g19-g27 0 2 64 168 86 400
g19-g28 0 2 64 168 97 92
g19-g29 0 2 64 168 100 906
g19-g30 0 2 64 168 100 907
g19-g31 -1 2 64 168 100 1000
g19-g32 1 2 64 168 100 4950
g19-g33 0 2 64 168 101 297
g19-g35 0 2 64 168 120 317
g19-g37 0 2 64 168 120 638
g19-g38 0 2 64 168 121 210
g19-g40 1 2 64 168 121 3600
g19-g41 0 2 64 168 128 368
g19-g42 0 2 64 168 128 508
g19-g43 0 2 64 168 128 824
g19-g44 0 2 64 168 128 892
g19-g45 0 2 64 168 128 894
g19-g46 0 2 64 168 128 938
g19-g47 0 2 64 168 128 939
g19-g48 0 2 64 168 128 1000
g19-g49 0 2 64 168 128 1027
g19-g50 1 2 64 168 128 3216
g2-g10 1 2 10 10 41 80
g2-g11 1 2 10 10 42 114
g2-g12 1 2 10 10 48 203
g2-g13 1 2 10 10 49 125
g2-g14 1 2 10 10 50 109
g2-g15 1 2 10 10 50 145
g2-g16 1 2 10 10 53 189
g2-g17 1 2 10 10 64 112
g2-g18 1 2 10 10 64 128
g2-g19 1 2 10 10 64 168
g2-g20 1 2 10 10 64 728
g2-g21 1 2 10 10 64 1848
g2-g22 1 2 10 10 67 224
g2-g23 1 2 10 10 73 283
g2-g24 0 2 10 10 75 67
g2-g25 1 2 10 10 75 114
g2-g26 1 2 10 10 80 254
g2-g27 1 2 10 10 86 400
g2-g28 1 2 10 10 97 92
g2-g29 1 2 10 10 100 906
g2-g3 0 2 10 10 10 15
g2-g30 1 2 10 10 100 907
g2-g31 1 2 10 10 100 1000
g2-g32 1 2 10 10 100 4950
g2-g33 1 2 10 10 101 297
g2-g34 1 2 10 10 120 240
g2-g35 1 2 10 10 120 317
g2-g36 1 2 10 10 120 321
g2-g37 1 2 10 10 120 638
g2-g38 1 2 10 10 121 210
g2-g39 1 2 10 10 121 320
g2-g4 1 2 10 10 10 45
g2-g40 1 2 10 10 121 3600
g2-g41 1 2 10 10 128 368
g2-g42 1 2 10 10 128 508
g2-g43 1 2 10 10 128 824
g2-g44 1 2 10 10 128 892
g2-g45 1 2 10 10 128 894
g2-g46 1 2 10 10 128 938
g2-g47 1 2 10 10 128 939
g2-g48 1 2 10 10 128 1000
g2-g49 1 2 10 10 128 1027
g2-g5 1 2 10 10 11 20
g2-g50 1 2 10 10 128 3216
g2-g6 1 2 10 10 19 33
g2-g7 1 2 10 10 20 100
g2-g8 1 2 10 10 30 62
g2-g9 1 2 10 10 37 63
g20-g21 1 2 64 728 64 1848
g20-g23 0 2 64 728 73 283
g20-g26 0 2 64 728 80 254
g20-g27 0 2 64 728 86 400
g20-g29 0 2 64 728 100 906
g20-g30 0 2 64 728 100 907
g20-g31 0 2 64 728 100 1000
g20-g32 1 2 64 728 100 4950
g20-g38 0 2 64 728 121 210
g20-g40 -1 2 64 728 121 3600
g20-g43 0 2 64 728 128 824
g20-g44 0 2 64 728 128 892
g20-g45 0 2 64 728 128 894
g20-g48 0 2 64 728 128 1000
g20-g50 -1 2 64 728 128 3216
g21-g27 0 2 64 1848 86 400
g21-g32 1 2 64 1848 100 4950
g21-g40 0 2 64 1848 121 3600
g21-g50 0 2 64 1848 128 3216
g22-g23 0 2 67 224 73 283
g22-g25 0 2 67 224 75 114
g22-g26 0 2 67 224 80 254
g22-g27 0 2 67 224 86 400
g22-g28 0 2 67 224 97 92
g22-g29 0 2 67 224 100 906
g22-g30 0 2 67 224 100 907
g22-g31 0 2 67 224 100 1000
g22-g32 1 2 67 224 100 4950
g22-g33 0 2 67 224 101 297
g22-g37 1 2 67 224 120 638
g22-g38 0 2 67 224 121 210
g22-g40 1 2 67 224 121 3600
g22-g43 -1 2 67 224 128 824
g22-g44 0 2 67 224 128 892
g22-g45 0 2 67 224 128 894
g22-g46 0 2 67 224 128 938
g22-g47 0 2 67 224 128 939
g22-g48 0 2 67 224 128 1000
g22-g49 0 2 67 224 128 1027
g22-g50 1 2 67 224 128 3216
g23-g27 0 2 73 283 86 400
g23-g32 1 2 73 283 100 4950
g23-g40 1 2 73 283 121 3600
g23-g50 1 2 73 283 128 3216
g24-g25 0 2 75 67 75 114
g24-g26 1 2 75 67 80 254
g24-g27 1 2 75 67 86 400
g24-g28 0 2 75 67 97 92
g24-g29 0 2 75 67 100 906
g24-g30 0 2 75 67 100 907
g24-g31 0 2 75 67 100 1000
g24-g32 1 2 75 67 100 4950
g24-g33 0 2 75 67 101 297
g24-g35 0 2 75 67 120 317
g24-g36 0 2 75 67 120 321
g24-g37 1 2 75 67 120 638
g24-g38 0 2 75 67 121 210
g24-g39 0 2 75 67 121 320
g24-g40 1 2 75 67 121 3600
g24-g41 0 2 75 67 128 368
g24-g42 1 2 75 67 128 508
g24-g43 1 2 75 67 128 824
g24-g44 0 2 75 67 128 892
g24-g45 0 2 75 67 128 894
g24-g46 0 2 75 67 128 938
g24-g47 0 2 75 67 128 939
g24-g48 0 2 75 67 128 1000
g24-g49 1 2 75 67 128 1027
g24-g50 1 2 75 67 128 3216
g25-g26 1 2 75 114 80 254
g25-g27 0 2 75 114 86 400
g25-g29 0 2 75 114 100 906
g25-g30 0 2 75 114 100 907
g25-g31 0 2 75 114 100 1000
g25-g32 1 2 75 114 100 4950
g25-g38 0 2 75 114 121 210
g25-g40 1 2 75 114 121 3600
g25-g43 1 2 75 114 128 824
g25-g44 0 2 75 114 128 892
g25-g45 0 2 75 114 128 894
g25-g46 0 2 75 114 128 938
g25-g47 0 2 75 114 128 939
g25-g48 0 2 75 114 128 1000
g25-g49 1 2 75 114 128 1027
g25-g50 1 2 75 114 128 3216
g26-g27 0 2 80 254 86 400
g26-g32 1 2 80 254 100 4950
g26-g40 1 2 80 254 121 3600
g26-g50 1 2 80 254 128 3216
g27-g32 1 2 86 400 100 4950
g27-g50 1 2 86 400 128 3216
g28-g29 1 2 97 92 100 906
g28-g30 1 2 97 92 100 907
g28-g31 1 2 97 92 100 1000
g28-g32 1 2 97 92 100 4950
g28-g33 0 2 97 92 101 297
g28-g37 1 2 97 92 120 638
g28-g38 0 2 97 92 121 210
g28-g40 1 2 97 92 121 3600
g28-g43 1 2 97 92 128 824
g28-g44 1 2 97 92 128 892
g28-g45 1 2 97 92 128 894
g28-g46 1 2 97 92 128 938
g28-g47 1 2 97 92 128 939
g28-g48 1 2 97 92 128 1000
g28-g49 1 2 97 92 128 1027
g28-g50 1 2 97 92 128 3216
g29-g30 0 2 100 906 100 907
g29-g31 1 2 100 906 100 1000
g29-g32 1 2 100 906 100 4950
g29-g40 -1 2 100 906 121 3600
g29-g44 0 2 100 906 128 892
g29-g45 0 2 100 906 128 894
g29-g50 0 2 100 906 128 3216
g3-g10 0 2 10 15 41 80
g3-g11 0 2 10 15 42 114
g3-g12 0 2 10 15 48 203
g3-g13 1 2 10 15 49 125
g3-g14 1 2 10 15 50 109
g3-g15 1 2 10 15 50 145
g3-g16 1 2 10 15 53 189
g3-g17 0 2 10 15 64 112
g3-g18 0 2 10 15 64 128
g3-g19 0 2 10 15 64 168
g3-g20 1 2 10 15 64 728
g3-g21 1 2 10 15 64 1848
g3-g22 1 2 10 15 67 224
g3-g23 1 2 10 15 73 283
g3-g24 0 2 10 15 75 67
g3-g25 1 2 10 15 75 114
g3-g26 1 2 10 15 80 254
g3-g27 1 2 10 15 86 400
g3-g28 0 2 10 15 97 92
g3-g29 1 2 10 15 100 906
g3-g30 1 2 10 15 100 907
g3-g31 1 2 10 15 100 1000
g3-g32 1 2 10 15 100 4950
g3-g33 0 2 10 15 101 297
g3-g34 0 2 10 15 120 240
g3-g35 1 2 10 15 120 317
g3-g36 0 2 10 15 120 321
g3-g37 1 2 10 15 120 638
g3-g38 0 2 10 15 121 210
g3-g39 0 2 10 15 121 320
g3-g4 1 2 10 15 10 45
g3-g40 1 2 10 15 121 3600
g3-g41 0 2 10 15 128 368
g3-g42 1 2 10 15 128 508
g3-g43 1 2 10 15 128 824
g3-g44 1 2 10 15 128 892
g3-g45 1 2 10 15 128 894
g3-g46 1 2 10 15 128 938
g3-g47 1 2 10 15 128 939
g3-g48 1 2 10 15 128 1000
g3-g49 1 2 10 15 128 1027
g3-g5 0 2 10 15 11 20
g3-g50 1 2 10 15 128 3216
g3-g6 0 2 10 15 19 33
g3-g7 0 2 10 15 20 100
g3-g8 0 2 10 15 30 62
g3-g9 0 2 10 15 37 63
g30-g31 0 2 100 907 100 1000
g30-g32 0 2 100 907 100 4950
g30-g40 0 2 100 907 121 3600
g30-g44 0 2 100 907 128 892
g30-g45 0 2 100 907 128 894
g30-g50 0 2 100 907 128 3216
g31-g32 1 2 100 1000 100 4950
g31-g40 -1 2 100 1000 121 3600
g31-g50 0 2 100 1000 128 3216
g33-g37 0 2 101 297 120 638
g33-g38 0 2 101 297 121 210
g33-g40 1 2 101 297 121 3600
g33-g43 0 2 101 297 128 824
g33-g44 0 2 101 297 128 892
g33-g45 0 2 101 297 128 894
g33-g46 0 2 101 297 128 938
g33-g47 0 2 101 297 128 939
g33-g48 0 2 101 297 128 1000
g33-g49 0 2 101 297 128 1027
g33-g50 1 2 101 297 128 3216
g34-g35 0 2 120 240 120 317
g34-g36 0 2 120 240 120 321
g34-g37 0 2 120 240 120 638
g34-g38 0 2 120 240 121 210
g34-g39 0 2 120 240 121 320
g34-g40 1 2 120 240 121 3600
g34-g41 0 2 120 240 128 368
g34-g42 0 2 120 240 128 508
g34-g43 0 2 120 240 128 824
g34-g44 0 2 120 240 128 892
g34-g45 0 2 120 240 128 894
g34-g46 -1 2 120 240 128 938
g34-g47 -1 2 120 240 128 939
g34-g48 -1 2 120 240 128 1000
g34-g49 -1 2 120 240 128 1027
g34-g50 -1 2 120 240 128 3216
g35-g37 1 2 120 317 120 638
g35-g38 0 2 120 317 121 210
g35-g40 1 2 120 317 121 3600
g35-g41 0 2 120 317 128 368
g35-g42 0 2 120 317 128 508
g35-g43 0 2 120 317 128 824
g35-g44 0 2 120 317 128 892
g35-g45 0 2 120 317 128 894
g35-g46 0 2 120 317 128 938
g35-g47 0 2 120 317 128 939
g35-g48 0 2 120 317 128 1000
g35-g49 0 2 120 317 128 1027
g35-g50 1 2 120 317 128 3216
g36-g37 1 2 120 321 120 638
g36-g38 0 2 120 321 121 210
g36-g40 1 2 120 321 121 3600
g36-g41 0 2 120 321 128 368
g36-g42 0 2 120 321 128 508
g36-g43 0 2 120 321 128 824
g36-g44 0 2 120 321 128 892
g36-g45 0 2 120 321 128 894
g36-g46 0 2 120 321 128 938
g36-g47 0 2 120 321 128 939
g36-g48 0 2 120 321 128 1000
g36-g49 0 2 120 321 128 1027
g36-g50 -1 2 120 321 128 3216
g37-g38 0 2 120 638 121 210
g37-g40 1 2 120 638 121 3600
g37-g43 0 2 120 638 128 824
g37-g44 0 2 120 638 128 892
g37-g45 0 2 120 638 128 894
g37-g46 0 2 120 638 128 938
g37-g47 0 2 120 638 128 939
g37-g48 0 2 120 638 128 1000
g37-g49 0 2 120 638 128 1027
g37-g50 -1 2 120 638 128 3216
g38-g40 1 2 121 210 121 3600
g38-g43 0 2 121 210 128 824
g38-g44 0 2 121 210 128 892
g38-g45 0 2 121 210 128 894
g38-g50 1 2 121 210 128 3216
g39-g40 1 2 121 320 121 3600
g39-g41 0 2 121 320 128 368
g39-g42 0 2 121 320 128 508
g39-g43 0 2 121 320 128 824
g39-g44 0 2 121 320 128 892
g39-g45 0 2 121 320 128 894
g39-g46 0 2 121 320 128 938
g39-g47 0 2 121 320 128 939
g39-g48 0 2 121 320 128 1000
g39-g49 -1 2 121 320 128 1027
g39-g50 1 2 121 320 128 3216
g4-g10 0 2 10 45 41 80
g4-g11 0 2 10 45 42 114
g4-g12 0 2 10 45 48 203
g4-g13 0 2 10 45 49 125
g4-g14 0 2 10 45 50 109
g4-g15 1 2 10 45 50 145
g4-g16 0 2 10 45 53 189
g4-g20 0 2 10 45 64 728
g4-g21 1 2 10 45 64 1848
g4-g22 0 2 10 45 67 224
g4-g23 1 2 10 45 73 283
g4-g25 1 2 10 45 75 114
g4-g26 1 2 10 45 80 254
g4-g27 1 2 10 45 86 400
g4-g28 0 2 10 45 97 92
g4-g29 0 2 10 45 100 906
g4-g30 0 2 10 45 100 907
g4-g31 0 2 10 45 100 1000
g4-g32 1 2 10 45 100 4950
g4-g33 0 2 10 45 101 297
g4-g37 0 2 10 45 120 638
g4-g38 0 2 10 45 121 210
g4-g40 1 2 10 45 121 3600
g4-g41 0 2 10 45 128 368
g4-g42 0 2 10 45 128 508
g4-g43 1 2 10 45 128 824
g4-g44 0 2 10 45 128 892
g4-g45 0 2 10 45 128 894
g4-g46 0 2 10 45 128 938
g4-g47 0 2 10 45 128 939
g4-g48 0 2 10 45 128 1000
g4-g49 1 2 10 45 128 1027
g4-g5 0 2 10 45 11 20
g4-g50 1 2 10 45 128 3216
g4-g6 0 2 10 45 19 33
g4-g7 0 2 10 45 20 100
g4-g9 0 2 10 45 37 63
g40-g50 0 2 121 3600 128 3216
g41-g42 0 2 128 368 128 508
g41-g43 0 2 128 368 128 824
g41-g44 0 2 128 368 128 892
g41-g45 0 2 128 368 128 894
g41-g46 0 2 128 368 128 938
g41-g47 0 2 128 368 128 939
g41-g48 0 2 128 368 128 1000
g41-g49 0 2 128 368 128 1027
g41-g50 -1 2 128 368 128 3216
g42-g43 0 2 128 508 128 824
g42-g44 0 2 128 508 128 892
g42-g45 0 2 128 508 128 894
g42-g46 0 2 128 508 128 938
g42-g47 0 2 128 508 128 939
g42-g48 0 2 128 508 128 1000
g42-g49 -1 2 128 508 128 1027
g42-g50 -1 2 128 508 128 3216
g43-g44 0 2 128 824 128 892
g43-g45 0 2 128 824 128 894
g43-g50 -1 2 128 824 128 3216
g44-g45 0 2 128 892 128 894
g44-g50 0 2 128 892 128 3216
g45-g50 0 2 128 894 128 3216
g46-g47 0 2 128 938 128 939
g46-g48 1 2 128 938 128 1000
g46-g50 0 2 128 938 128 3216
g47-g48 0 2 128 939 128 1000
g47-g50 0 2 128 939 128 3216
g48-g50 0 2 128 1000 128 3216
g49-g50 -1 2 128 1027 128 3216
g5-g11 0 2 11 20 42 114
g5-g12 0 2 11 20 48 203
g5-g13 1 2 11 20 49 125
g5-g14 1 2 11 20 50 109
g5-g15 1 2 11 20 50 145
g5-g16 0 2 11 20 53 189
g5-g20 1 2 11 20 64 728
g5-g21 1 2 11 20 64 1848
g5-g22 1 2 11 20 67 224
g5-g23 1 2 11 20 73 283
g5-g25 1 2 11 20 75 114
g5-g26 1 2 11 20 80 254
g5-g27 1 2 11 20 86 400
g5-g28 0 2 11 20 97 92
g5-g29 1 2 11 20 100 906
g5-g30 1 2 11 20 100 907
g5-g31 1 2 11 20 100 1000
g5-g32 1 2 11 20 100 4950
g5-g33 0 2 11 20 101 297
g5-g37 1 2 11 20 120 638
g5-g38 0 2 11 20 121 210
g5-g40 1 2 11 20 121 3600
g5-g41 1 2 11 20 128 368
g5-g42 1 2 11 20 128 508
g5-g43 1 2 11 20 128 824
g5-g44 1 2 11 20 128 892
g5-g45 1 2 11 20 128 894
g5-g46 1 2 11 20 128 938
g5-g47 1 2 11 20 128 939
g5-g48 1 2 11 20 128 1000
g5-g49 1 2 11 20 128 1027
g5-g50 1 2 11 20 128 3216
g5-g6 0 2 11 20 19 33
g5-g7 0 2 11 20 20 100
g6-g11 0 2 19 33 42 114
g6-g12 0 2 19 33 48 203
g6-g13 1 2 19 33 49 125
g6-g14 1 2 19 33 50 109
g6-g15 1 2 19 33 50 145
g6-g16 1 2 19 33 53 189
g6-g20 1 2 19 33 64 728
g6-g21 1 2 19 33 64 1848
g6-g22 0 2 19 33 67 224
g6-g23 1 2 19 33 73 283
g6-g25 1 2 19 33 75 114
g6-g26 1 2 19 33 80 254
g6-g27 1 2 19 33 86 400
g6-g28 0 2 19 33 97 92
g6-g29 1 2 19 33 100 906
g6-g30 1 2 19 33 100 907
g6-g31 1 2 19 33 100 1000
g6-g32 1 2 19 33 100 4950
g6-g33 0 2 19 33 101 297
g6-g37 1 2 19 33 120 638
g6-g38 0 2 19 33 121 210
g6-g40 1 2 19 33 121 3600
g6-g41 0 2 19 33 128 368
g6-g42 0 2 19 33 128 508
g6-g43 1 2 19 33 128 824
g6-g44 1 2 19 33 128 892
g6-g45 1 2 19 33 128 894
g6-g46 1 2 19 33 128 938
g6-g47 1 2 19 33 128 939
g6-g48 1 2 19 33 128 1000
g6-g49 1 2 19 33 128 1027
g6-g50 1 2 19 33 128 3216
g6-g7 0 2 19 33 20 100
g7-g11 0 2 20 100 42 114
g7-g12 0 2 20 100 48 203
g7-g13 0 2 20 100 49 125
g7-g14 0 2 20 100 50 109
g7-g15 0 2 20 100 50 145
g7-g16 0 2 20 100 53 189
g7-g20 0 2 20 100 64 728
g7-g21 1 2 20 100 64 1848
g7-g22 0 2 20 100 67 224
g7-g23 0 2 20 100 73 283
g7-g25 0 2 20 100 75 114
g7-g26 0 2 20 100 80 254
g7-g27 0 2 20 100 86 400
g7-g28 0 2 20 100 97 92
g7-g29 0 2 20 100 100 906
g7-g30 0 2 20 100 100 907
g7-g31 0 2 20 100 100 1000
g7-g32 1 2 20 100 100 4950
g7-g33 0 2 20 100 101 297
g7-g37 0 2 20 100 120 638
g7-g38 1 2 20 100 121 210
g7-g40 1 2 20 100 121 3600
g7-g41 0 2 20 100 128 368
g7-g42 0 2 20 100 128 508
g7-g43 0 2 20 100 128 824
g7-g44 0 2 20 100 128 892
g7-g45 0 2 20 100 128 894
g7-g46 0 2 20 100 128 938
g7-g47 0 2 20 100 128 939
g7-g48 0 2 20 100 128 1000
g7-g49 0 2 20 100 128 1027
g7-g50 1 2 20 100 128 3216
g8-g10 0 2 30 62 41 80
g8-g11 0 2 30 62 42 114
g8-g12 0 2 30 62 48 203
g8-g13 0 2 30 62 49 125
g8-g14 0 2 30 62 50 109
g8-g15 0 2 30 62 50 145
g8-g16 1 2 30 62 53 189
g8-g19 0 2 30 62 64 168
g8-g20 1 2 30 62 64 728
g8-g21 1 2 30 62 64 1848
g8-g22 0 2 30 62 67 224
g8-g23 0 2 30 62 73 283
g8-g25 0 2 30 62 75 114
g8-g26 0 2 30 62 80 254
g8-g27 1 2 30 62 86 400
g8-g28 0 2 30 62 97 92
g8-g29 1 2 30 62 100 906
g8-g30 1 2 30 62 100 907
g8-g31 1 2 30 62 100 1000
g8-g32 1 2 30 62 100 4950
g8-g33 0 2 30 62 101 297
g8-g35 0 2 30 62 120 317
g8-g36 0 2 30 62 120 321
g8-g37 1 2 30 62 120 638
g8-g38 0 2 30 62 121 210
g8-g40 1 2 30 62 121 3600
g8-g41 0 2 30 62 128 368
g8-g42 0 2 30 62 128 508
g8-g43 1 2 30 62 128 824
g8-g44 1 2 30 62 128 892
g8-g45 1 2 30 62 128 894
g8-g46 0 2 30 62 128 938
g8-g47 0 2 30 62 128 939
g8-g48 0 2 30 62 128 1000
g8-g49 1 2 30 62 128 1027
g8-g50 1 2 30 62 128 3216
g8-g9 0 2 30 62 37 63
g9-g10 0 2 37 63 41 80
g9-g11 0 2 37 63 42 114
g9-g12 0 2 37 63 48 203
g9-g13 0 2 37 63 49 125
g9-g14 0 2 37 63 50 109
g9-g15 0 2 37 63 50 145
g9-g16 0 2 37 63 53 189
g9-g20 1 2 37 63 64 728
g9-g21 1 2 37 63 64 1848
g9-g22 0 2 37 63 67 224
g9-g23 1 2 37 63 73 283
g9-g25 0 2 37 63 75 114
g9-g26 1 2 37 63 80 254
g9-g27 1 2 37 63 86 400
g9-g28 0 2 37 63 97 92
g9-g29 0 2 37 63 100 906
g9-g30 0 2 37 63 100 907
g9-g31 0 2 37 63 100 1000
g9-g32 1 2 37 63 100 4950
g9-g33 0 2 37 63 101 297
g9-g37 0 2 37 63 120 638
g9-g38 0 2 37 63 121 210
g9-g40 1 2 37 63 121 3600
g9-g41 0 2 37 63 128 368
g9-g42 0 2 37 63 128 508
g9-g43 1 2 37 63 128 824
g9-g44 0 2 37 63 128 892
g9-g45 0 2 37 63 128 894
g9-g46 0 2 37 63 128 938
g9-g47 0 2 37 63 128 939
g9-g48 0 2 37 63 128 1000
g9-g49 1 2 37 63 128 1027
g9-g50 1 2 37 63 128 3216
images-CVIU11-1-119 0 8 144 197 5376 7926
images-CVIU11-1-131 0 8 144 197 2645 3900
images-CVIU11-1-50 0 8 144 197 5306 7890
images-CVIU11-1-81 0 8 144 197 3455 5055
images-CVIU11-10-110 0 8 124 168 2666 3771
images-CVIU11-10-139 0 8 124 168 2051 3043
images-CVIU11-10-20 0 8 124 168 4682 6880
images-CVIU11-10-50 0 8 124 168 5306 7890
images-CVIU11-10-58 0 8 124 168 2365 3470
images-CVIU11-10-60 0 8 124 168 3476 5075
images-CVIU11-10-93 0 8 124 168 3915 5787
images-CVIU11-11-4 0 8 15 20 4104 5995
images-CVIU11-11-72 0 8 15 20 4314 6331
images-CVIU11-11-8 0 8 15 20 3501 5098
images-CVIU11-12-115 0 8 60 80 3615 5257
images-CVIU11-12-137 0 8 60 80 1765 2605
images-CVIU11-12-141 0 8 60 80 2036 2961
images-CVIU11-12-4 0 8 60 80 4104 5995
images-CVIU11-13-11 0 8 106 152 2362 3389
images-CVIU11-13-118 0 8 106 152 3502 5071
images-CVIU11-13-128 0 8 106 152 4476 6638
images-CVIU11-13-13 0 8 106 152 3947 5741
images-CVIU11-13-30 0 8 106 152 4854 7162
images-CVIU11-13-46 0 8 106 152 3794 5613
images-CVIU11-13-7 0 8 106 152 4754 6974
images-CVIU11-14-106 0 8 151 211 3615 5365
images-CVIU11-14-146 0 8 151 211 4549 6783
images-CVIU11-14-16 0 8 151 211 2185 3098
images-CVIU11-14-31 0 8 151 211 4105 6013
images-CVIU11-14-63 0 8 151 211 4373 6437
images-CVIU11-14-96 0 8 151 211 2944 4280
images-CVIU11-15-146 0 8 19 26 4549 6783
images-CVIU11-16-143 0 8 32 46 2450 3636
images-CVIU11-16-37 0 8 32 46 5352 7953
images-CVIU11-16-55 0 8 32 46 2607 3823
images-CVIU11-17-107 0 8 22 30 3132 4592
images-CVIU11-17-14 0 8 22 30 1845 2642
images-CVIU11-17-82 0 8 22 30 4058 5952
images-CVIU11-18-137 0 8 69 96 1765 2605
images-CVIU11-18-139 0 8 69 96 2051 3043
images-CVIU11-18-27 0 8 69 96 3551 5181
images-CVIU11-18-33 0 8 69 96 5714 8500
images-CVIU11-18-82 0 8 69 96 4058 5952
images-CVIU11-18-85 0 8 69 96 4680 6985
images-CVIU11-19-129 0 8 91 130 1751 2534
images-CVIU11-19-131 0 8 91 130 2645 3900
images-CVIU11-2-24 0 8 108 153 1478 2127
images-CVIU11-2-33 0 8 108 153 5714 8500
images-CVIU11-2-50 0 8 108 153 5306 7890
images-CVIU11-2-54 0 8 108 153 2754 4051
images-CVIU11-2-60 0 8 108 153 3476 5075
images-CVIU11-2-63 0 8 108 153 4373 6437
images-CVIU11-2-79 0 8 108 153 2319 3384
images-CVIU11-20-134 0 8 24 32 3182 4715
images-CVIU11-20-31 0 8 24 32 4105 6013
images-CVIU11-20-46 0 8 24 32 3794 5613
images-CVIU11-20-72 0 8 24 32 4314 6331
images-CVIU11-20-88 0 8 24 32 4497 6539
images-CVIU11-21-102 0 8 146 214 2626 3819
images-CVIU11-21-119 0 8 146 214 5376 7926
images-CVIU11-21-9 0 8 146 214 3426 4973
images-CVIU11-22-100 0 8 117 164 1764 2556
images-CVIU11-22-107 0 8 117 164 3132 4592
images-CVIU11-22-110 0 8 117 164 2666 3771
images-CVIU11-22-118 0 8 117 164 3502 5071
images-CVIU11-22-12 0 8 117 164 3974 5766
images-CVIU11-23-113 0 8 50 71 2877 4146
images-CVIU11-23-143 0 8 50 71 2450 3636
images-CVIU11-23-48 0 8 50 71 2867 4190
images-CVIU11-24-113 0 8 21 28 2877 4146
images-CVIU11-24-49 0 8 21 28 3737 5511
images-CVIU11-24-5 0 8 21 28 5182 7626
images-CVIU11-24-77 0 8 21 28 5732 8471
images-CVIU11-25-139 0 8 81 115 2051 3043
images-CVIU11-25-61 0 8 81 115 4779 7053
images-CVIU11-25-66 0 8 81 115 2657 3909
images-CVIU11-25-70 0 8 81 115 5232 7701
images-CVIU11-25-77 0 8 81 115 5732 8471
images-CVIU11-25-97 0 8 81 115 2930 4282
images-CVIU11-26-106 0 8 70 102 3615 5365
images-CVIU11-26-129 1 8 70 102 1751 2534
images-CVIU11-26-138 0 8 70 102 5530 8220
images-CVIU11-26-15 0 8 70 102 1385 2023
images-CVIU11-26-57 0 8 70 102 5944 8894
images-CVIU11-26-70 0 8 70 102 5232 7701
images-CVIU11-26-71 0 8 70 102 4700 6913
images-CVIU11-26-75 0 8 70 102 5528 8156
images-CVIU11-26-77 0 8 70 102 5732 8471
images-CVIU11-26-78 0 8 70 102 5489 8115
images-CVIU11-27-125 0 8 147 203 4490 6624
images-CVIU11-27-137 0 8 147 203 1765 2605
images-CVIU11-27-144 0 8 147 203 3449 5018
images-CVIU11-27-17 0 8 147 203 4361 6462
images-CVIU11-27-36 0 8 147 203 3115 4554
images-CVIU11-28-130 0 8 81 115 1721 2516
images-CVIU11-28-135 0 8 81 115 2888 4264
images-CVIU11-28-99 0 8 81 115 4377 6445
images-CVIU11-29-107 0 8 22 31 3132 4592
images-CVIU11-29-112 0 8 22 31 2526 3633
images-CVIU11-29-114 0 8 22 31 2124 3095
images-CVIU11-29-116 0 8 22 31 5710 8463
images-CVIU11-29-12 0 8 22 31 3974 5766
images-CVIU11-29-21 0 8 22 31 3875 5671
images-CVIU11-29-3 0 8 22 31 4501 6590
images-CVIU11-29-39 0 8 22 31 3218 4656
images-CVIU11-29-75 0 8 22 31 5528 8156
images-CVIU11-29-76 1 8 22 31 5763 8486
images-CVIU11-29-79 0 8 22 31 2319 3384
images-CVIU11-29-8 0 8 22 31 3501 5098
images-CVIU11-29-82 0 8 22 31 4058 5952
images-CVIU11-3-106 0 8 67 91 3615 5365
images-CVIU11-3-138 0 8 67 91 5530 8220
images-CVIU11-3-37 0 8 67 91 5352 7953
images-CVIU11-3-48 0 8 67 91 2867 4190
images-CVIU11-3-56 0 8 67 91 2308 3374
images-CVIU11-3-74 0 8 67 91 5448 8028
images-CVIU11-30-1 0 8 70 92 4212 6129
images-CVIU11-30-11 0 8 70 92 2362 3389
images-CVIU11-30-115 0 8 70 92 3615 5257
images-CVIU11-30-12 0 8 70 92 3974 5766
images-CVIU11-30-42 0 8 70 92 3834 5635
images-CVIU11-30-66 0 8 70 92 2657 3909
images-CVIU11-31-105 0 8 78 108 4159 6083
images-CVIU11-31-109 0 8 78 108 4342 6316
images-CVIU11-31-26 0 8 78 108 2123 3018
images-CVIU11-31-31 0 8 78 108 4105 6013
images-CVIU11-31-39 0 8 78 108 3218 4656
images-CVIU11-33-109 0 8 34 48 4342 6316
images-CVIU11-33-59 0 8 34 48 4838 7071
images-CVIU11-33-71 0 8 34 48 4700 6913
images-CVIU11-33-86 0 8 34 48 3696 5440
images-CVIU11-33-88 0 8 34 48 4497 6539
images-CVIU11-33-93 0 8 34 48 3915 5787
images-CVIU11-34-106 0 8 23 33 3615 5365
images-CVIU11-34-135 0 8 23 33 2888 4264
images-CVIU11-34-88 0 8 23 33 4497 6539
images-CVIU11-34-9 0 8 23 33 3426 4973
images-CVIU11-35-141 0 8 45 62 2036 2961
images-CVIU11-35-68 0 8 45 62 5540 8167
images-CVIU11-36-11 0 8 96 132 2362 3389
images-CVIU11-36-112 0 8 96 132 2526 3633
images-CVIU11-36-140 0 8 96 132 2299 3371
images-CVIU11-37-140 0 8 104 147 2299 3371
images-CVIU11-37-146 0 8 104 147 4549 6783
images-CVIU11-37-41 0 8 104 147 3632 5242
images-CVIU11-37-54 0 8 104 147 2754 4051
images-CVIU11-37-70 0 8 104 147 5232 7701
images-CVIU11-37-84 0 8 104 147 1072 1541
images-CVIU11-38-1 0 8 126 176 4212 6129
images-CVIU11-38-10 0 8 126 176 3506 5145
images-CVIU11-38-131 0 8 126 176 2645 3900
images-CVIU11-38-23 0 8 126 176 4264 6230
images-CVIU11-38-71 0 8 126 176 4700 6913
images-CVIU11-38-78 0 8 126 176 5489 8115
images-CVIU11-39-107 0 8 147 215 3132 4592
images-CVIU11-39-114 0 8 147 215 2124 3095
images-CVIU11-39-37 0 8 147 215 5352 7953
images-CVIU11-39-68 0 8 147 215 5540 8167
images-CVIU11-39-80 0 8 147 215 2734 4025
images-CVIU11-4-42 0 8 147 201 3834 5635
images-CVIU11-4-50 0 8 147 201 5306 7890
images-CVIU11-40-126 0 8 65 92 1342 1942
images-CVIU11-40-136 0 8 65 92 3109 4618
images-CVIU11-40-139 0 8 65 92 2051 3043
images-CVIU11-40-23 0 8 65 92 4264 6230
images-CVIU11-40-46 0 8 65 92 3794 5613
images-CVIU11-40-8 0 8 65 92 3501 5098
images-CVIU11-41-113 0 8 90 123 2877 4146
images-CVIU11-41-4 0 8 90 123 4104 5995
images-CVIU11-41-86 0 8 90 123 3696 5440
images-CVIU11-41-88 0 8 90 123 4497 6539
images-CVIU11-42-112 0 8 97 136 2526 3633
images-CVIU11-42-122 0 8 97 136 3315 4877
images-CVIU11-42-53 0 8 97 136 2639 3881
images-CVIU11-42-68 0 8 97 136 5540 8167
images-CVIU11-42-78 0 8 97 136 5489 8115
images-CVIU11-42-80 0 8 97 136 2734 4025
images-CVIU11-42-88 0 8 97 136 4497 6539
images-CVIU11-43-112 0 8 89 116 2526 3633
images-CVIU11-43-65 0 8 89 116 3468 5112
images-CVIU11-43-76 0 8 89 116 5763 8486
images-CVIU11-44-119 0 8 145 212 5376 7926
images-CVIU11-44-20 0 8 145 212 4682 6880
images-CVIU11-44-84 0 8 145 212 1072 1541
images-CVIU11-44-98 0 8 145 212 2005 2887
images-CVIU11-5-134 0 8 59 81 3182 4715
images-CVIU11-5-19 0 8 59 81 5916 8741
images-CVIU11-5-62 0 8 59 81 5025 7388
images-CVIU11-6-119 0 8 53 68 5376 7926
images-CVIU11-6-25 0 8 53 68 2778 3946
images-CVIU11-6-58 0 8 53 68 2365 3470
images-CVIU11-7-56 0 8 70 94 2308 3374
images-CVIU11-7-96 0 8 70 94 2944 4280
images-CVIU11-8-120 0 8 90 130 4301 6349
images-CVIU11-8-129 0 8 90 130 1751 2534
images-CVIU11-8-130 0 8 90 130 1721 2516
images-CVIU11-8-20 0 8 90 130 4682 6880
images-CVIU11-8-68 0 8 90 130 5540 8167
images-CVIU11-8-83 0 8 90 130 4293 6284
images-CVIU11-9-110 0 8 148 203 2666 3771
meshes-CVIU11-1-106 0 10 49 136 969 1909
meshes-CVIU11-1-120 0 10 49 136 794 1939
meshes-CVIU11-1-149 0 10 49 136 1439 3945
meshes-CVIU11-1-170 0 10 49 136 938 1692
meshes-CVIU11-1-175 0 10 49 136 286 627
meshes-CVIU11-1-187 0 10 49 136 4034 7065
meshes-CVIU11-1-188 0 10 49 136 1827 4708
meshes-CVIU11-1-20 0 10 49 136 1830 3671
meshes-CVIU11-1-205 0 10 49 136 963 1765
meshes-CVIU11-1-206 0 10 49 136 5357 8560
meshes-CVIU11-1-220 0 10 49 136 300 738
meshes-CVIU11-1-223 0 10 49 136 2431 6300
meshes-CVIU11-1-225 0 10 49 136 3303 6093
meshes-CVIU11-1-250 0 10 49 136 529 1192
meshes-CVIU11-1-278 0 10 49 136 364 468
meshes-CVIU11-1-279 0 10 49 136 600 770
meshes-CVIU11-1-282 0 10 49 136 1816 3020
meshes-CVIU11-1-283 0 10 49 136 4142 9735
meshes-CVIU11-1-294 0 10 49 136 1929 5494
meshes-CVIU11-1-305 0 10 49 136 844 1608
meshes-CVIU11-1-314 0 10 49 136 5183 12682
meshes-CVIU11-1-318 0 10 49 136 4127 12073
meshes-CVIU11-1-34 0 10 49 136 2948 7344
meshes-CVIU11-1-357 0 10 49 136 411 1062
meshes-CVIU11-1-360 0 10 49 136 3302 4822
meshes-CVIU11-1-368 0 10 49 136 2288 3345
meshes-CVIU11-1-37 0 10 49 136 415 972
meshes-CVIU11-1-397 0 10 49 136 2968 5782
meshes-CVIU11-1-410 0 10 49 136 358 694
meshes-CVIU11-1-424 0 10 49 136 2229 4864
meshes-CVIU11-1-431 0 10 49 136 3671 6760
meshes-CVIU11-1-461 0 10 49 136 5613 12239
meshes-CVIU11-1-466 0 10 49 136 282 420
meshes-CVIU11-1-489 0 10 49 136 3790 7777
meshes-CVIU11-1-511 0 10 49 136 3670 8700
meshes-CVIU11-1-63 0 10 49 136 1001 2391
meshes-CVIU11-1-88 0 10 49 136 728 1321
meshes-CVIU11-2-100 0 10 129 381 5008 9888
meshes-CVIU11-2-108 0 10 129 381 1641 2178
meshes-CVIU11-2-11 0 10 129 381 534 1235
meshes-CVIU11-2-121 0 10 129 381 290 719
meshes-CVIU11-2-13 0 10 129 381 1380 3491
meshes-CVIU11-2-137 0 10 129 381 1506 2937
meshes-CVIU11-2-177 0 10 129 381 733 1569
meshes-CVIU11-2-211 0 10 129 381 935 2723
meshes-CVIU11-2-223 0 10 129 381 2431 6300
meshes-CVIU11-2-233 0 10 129 381 1213 3101
meshes-CVIU11-2-245 0 10 129 381 838 1610
meshes-CVIU11-2-246 0 10 129 381 1726 3791
meshes-CVIU11-2-248 0 10 129 381 1247 2739
meshes-CVIU11-2-267 0 10 129 381 2604 6451
meshes-CVIU11-2-3 0 10 129 381 400 1037
meshes-CVIU11-2-300 0 10 129 381 1387 1497
meshes-CVIU11-2-304 0 10 129 381 855 1018
meshes-CVIU11-2-305 0 10 129 381 844 1608
meshes-CVIU11-2-317 0 10 129 381 485 1011
meshes-CVIU11-2-321 0 10 129 381 1809 3093
meshes-CVIU11-2-324 0 10 129 381 847 2406
meshes-CVIU11-2-349 0 10 129 381 759 765
meshes-CVIU11-2-35 0 10 129 381 808 1658
meshes-CVIU11-2-353 0 10 129 381 3436 9539
meshes-CVIU11-2-354 0 10 129 381 843 1207
meshes-CVIU11-2-365 0 10 129 381 935 1880
meshes-CVIU11-2-447 0 10 129 381 3497 9289
meshes-CVIU11-2-449 0 10 129 381 2917 7300
meshes-CVIU11-2-462 0 10 129 381 526 863
meshes-CVIU11-2-484 0 10 129 381 3787 9946
meshes-CVIU11-2-487 0 10 129 381 4278 9552
meshes-CVIU11-2-493 0 10 129 381 1383 2703
meshes-CVIU11-2-503 0 10 129 381 1671 3041
meshes-CVIU11-2-511 0 10 129 381 3670 8700
meshes-CVIU11-2-513 0 10 129 381 1467 1519
meshes-CVIU11-2-52 0 10 129 381 777 1607
meshes-CVIU11-2-54 0 10 129 381 1344 2950
meshes-CVIU11-2-6 0 10 129 381 2040 4585
meshes-CVIU11-2-76 0 10 129 381 3778 8651
meshes-CVIU11-2-80 0 10 129 381 3249 5102
meshes-CVIU11-3-100 0 10 163 289 5008 9888
meshes-CVIU11-3-12 0 10 163 289 216 520
meshes-CVIU11-3-130 0 10 163 289 2512 7061
meshes-CVIU11-3-139 0 10 163 289 5217 13824
meshes-CVIU11-3-147 0 10 163 289 1654 3977
meshes-CVIU11-3-151 0 10 163 289 886 1803
meshes-CVIU11-3-158 1 10 163 289 3944 7982
meshes-CVIU11-3-16 0 10 163 289 1721 3443
meshes-CVIU11-3-17 0 10 163 289 1678 3357
meshes-CVIU11-3-190 0 10 163 289 870 1434
meshes-CVIU11-3-193 0 10 163 289 2478 4592
meshes-CVIU11-3-195 0 10 163 289 2964 5912
meshes-CVIU11-3-213 1 10 163 289 409 1048
meshes-CVIU11-3-218 0 10 163 289 2200 5021
meshes-CVIU11-3-220 0 10 163 289 300 738
meshes-CVIU11-3-23 0 10 163 289 1737 3469
meshes-CVIU11-3-242 1 10 163 289 3195 9431
meshes-CVIU11-3-246 0 10 163 289 1726 3791
meshes-CVIU11-3-251 0 10 163 289 416 1077
meshes-CVIU11-3-289 0 10 163 289 285 563
meshes-CVIU11-3-290 0 10 163 289 262 577
meshes-CVIU11-3-313 1 10 163 289 2559 6349
meshes-CVIU11-3-325 0 10 163 289 284 798
meshes-CVIU11-3-35 0 10 163 289 808 1658
meshes-CVIU11-3-357 0 10 163 289 411 1062
meshes-CVIU11-3-381 0 10 163 289 611 1209
meshes-CVIU11-3-408 0 10 163 289 352 726
meshes-CVIU11-3-431 0 10 163 289 3671 6760
meshes-CVIU11-3-434 1 10 163 289 3773 8706
meshes-CVIU11-3-448 0 10 163 289 2605 6062
meshes-CVIU11-3-45 0 10 163 289 1395 3400
meshes-CVIU11-3-457 0 10 163 289 1347 3077
meshes-CVIU11-3-484 0 10 163 289 3787 9946
meshes-CVIU11-3-501 0 10 163 289 3426 9578
meshes-CVIU11-3-503 0 10 163 289 1671 3041
meshes-CVIU11-3-511 0 10 163 289 3670 8700
meshes-CVIU11-3-512 0 10 163 289 514 1350
meshes-CVIU11-3-513 0 10 163 289 1467 1519
meshes-CVIU11-3-526 0 10 163 289 941 2262
meshes-CVIU11-3-59 0 10 163 289 991 2244
meshes-CVIU11-3-7 0 10 163 289 585 989
meshes-CVIU11-3-97 0 10 163 289 3478 6910
meshes-CVIU11-3-98 0 10 163 289 4389 4737
meshes-CVIU11-4-114 0 10 40 114 1064 2027
meshes-CVIU11-4-129 0 10 40 114 4437 12663
meshes-CVIU11-4-135 0 10 40 114 391 550
meshes-CVIU11-4-166 0 10 40 114 201 451
meshes-CVIU11-4-168 0 10 40 114 1341 2113
meshes-CVIU11-4-206 0 10 40 114 5357 8560
meshes-CVIU11-4-213 0 10 40 114 409 1048
meshes-CVIU11-4-228 0 10 40 114 4233 8560
meshes-CVIU11-4-248 0 10 40 114 1247 2739
meshes-CVIU11-4-268 0 10 40 114 3686 9106
meshes-CVIU11-4-311 0 10 40 114 4127 12073
meshes-CVIU11-4-313 0 10 40 114 2559 6349
meshes-CVIU11-4-325 0 10 40 114 284 798
meshes-CVIU11-4-341 0 10 40 114 527 1083
meshes-CVIU11-4-387 0 10 40 114 1258 2731
meshes-CVIU11-4-441 0 10 40 114 2727 5593
meshes-CVIU11-4-45 0 10 40 114 1395 3400
meshes-CVIU11-4-46 0 10 40 114 869 1738
meshes-CVIU11-4-471 0 10 40 114 3557 7675
meshes-CVIU11-4-487 0 10 40 114 4278 9552
meshes-CVIU11-4-501 0 10 40 114 3426 9578
meshes-CVIU11-4-80 0 10 40 114 3249 5102
meshes-CVIU11-5-102 0 10 82 240 3259 6523
meshes-CVIU11-5-115 0 10 82 240 545 1227
meshes-CVIU11-5-121 0 10 82 240 290 719
meshes-CVIU11-5-147 0 10 82 240 1654 3977
meshes-CVIU11-5-148 0 10 82 240 2409 5480
meshes-CVIU11-5-163 0 10 82 240 1971 5466
meshes-CVIU11-5-182 0 10 82 240 1072 2266
meshes-CVIU11-5-188 0 10 82 240 1827 4708
meshes-CVIU11-5-191 0 10 82 240 4882 10919
meshes-CVIU11-5-200 0 10 82 240 716 1441
meshes-CVIU11-5-212 0 10 82 240 1697 4957
meshes-CVIU11-5-216 0 10 82 240 716 1971
meshes-CVIU11-5-223 0 10 82 240 2431 6300
meshes-CVIU11-5-244 0 10 82 240 2108 3883
meshes-CVIU11-5-283 0 10 82 240 4142 9735
meshes-CVIU11-5-286 0 10 82 240 640 1294
meshes-CVIU11-5-304 0 10 82 240 855 1018
meshes-CVIU11-5-306 0 10 82 240 5254 14215
meshes-CVIU11-5-315 0 10 82 240 415 755
meshes-CVIU11-5-333 0 10 82 240 2087 5098
meshes-CVIU11-5-34 0 10 82 240 2948 7344
meshes-CVIU11-5-36 0 10 82 240 3278 8862
meshes-CVIU11-5-409 0 10 82 240 375 1006
meshes-CVIU11-5-433 0 10 82 240 2098 3790
meshes-CVIU11-5-464 0 10 82 240 4020 9326
meshes-CVIU11-5-468 0 10 82 240 1539 3899
meshes-CVIU11-5-488 0 10 82 240 3472 6623
meshes-CVIU11-5-517 0 10 82 240 5069 12615
meshes-CVIU11-5-59 0 10 82 240 991 2244
meshes-CVIU11-5-73 0 10 82 240 1216 2939
meshes-CVIU11-5-99 0 10 82 240 4296 8447
meshes-CVIU11-6-102 0 10 199 539 3259 6523
meshes-CVIU11-6-150 0 10 199 539 4080 8926
meshes-CVIU11-6-151 0 10 199 539 886 1803
meshes-CVIU11-6-163 0 10 199 539 1971 5466
meshes-CVIU11-6-194 0 10 199 539 1730 4886
meshes-CVIU11-6-211 0 10 199 539 935 2723
meshes-CVIU11-6-265 0 10 199 539 643 1308
meshes-CVIU11-6-293 0 10 199 539 383 569
meshes-CVIU11-6-303 0 10 199 539 2040 4431
meshes-CVIU11-6-306 0 10 199 539 5254 14215
meshes-CVIU11-6-314 0 10 199 539 5183 12682
meshes-CVIU11-6-325 0 10 199 539 284 798
meshes-CVIU11-6-338 0 10 199 539 279 431
meshes-CVIU11-6-345 0 10 199 539 678 1552
meshes-CVIU11-6-400 0 10 199 539 1409 2833
meshes-CVIU11-6-438 0 10 199 539 3222 7965
meshes-CVIU11-6-443 0 10 199 539 2440 3744
meshes-CVIU11-6-485 0 10 199 539 857 2019
meshes-CVIU11-6-498 0 10 199 539 428 979
meshes-CVIU11-6-523 0 10 199 539 472 929
meshes-CVIU11-6-528 0 10 199 539 5039 10315
meshes-CVIU11-6-56 0 10 199 539 719 1790
meshes-CVIU11-6-58 0 10 199 539 400 820
meshes-CVIU11-6-65 0 10 199 539 5111 10332
meshes-CVIU11-6-68 0 10 199 539 4326 10230
meshes-CVIU11-6-77 0 10 199 539 2241 4161
meshes-CVIU11-6-81 0 10 199 539 877 2080
PR15-1 1 9 83 111 4838 7071
PR15-2 1 9 15 19 4838 7071
PR15-3 1 9 10 13 4838 7071
PR15-4 1 9 8 8 4838 7071
PR15-5 1 9 18 26 4838 7071
PR15-6 1 9 94 131 4838 7071
PR15-7 1 9 170 242 4838 7071
PR15-8 1 9 6 7 4838 7071
PR15-9 1 9 68 90 4838 7071
PR15-10 1 9 9 10 4838 7071
PR15-11 1 9 5 6 4838 7071
PR15-12 1 9 7 9 4838 7071
PR15-13 1 9 63 89 4838 7071
PR15-14 1 9 121 168 4838 7071
PR15-15 1 9 77 109 4838 7071
PR15-16 1 9 4 4 4838 7071
PR15-17 1 9 6 7 4838 7071
PR15-18 1 9 15 20 4838 7071
PR15-19 1 9 7 9 4838 7071
PR15-20 1 9 8 9 4838 7071
PR15-21 1 9 16 23 4838 7071
PR15-22 1 9 11 13 4838 7071
PR15-23 1 9 5 6 4838 7071
PR15-24 1 9 53 70 4838 7071
