instance sat family size gpgnode/vbbjdpd flint/vbbjdpdfad gpgnode/vbbjdpdnocad
F.04 1 1 300 278 273 11639
C.18 1 1 1000 901 901 901
A.04 1 1 200 181 181 181
C.02 1 1 1000 901 901 901
E.01 0 1 300 0 0 0
F.20 1 1 300 559 314 189412425
B.20 1 1 600 541 541 541
C.08 1 1 1000 901 901 901
B.11 1 1 600 541 541 541
C.10 1 1 1000 901 901 901
B.06 1 1 600 541 541 541
F.08 1 1 300 334 276 496863411
B.07 1 1 600 541 541 541
E.04 0 1 300 0 0 0
C.01 1 1 1000 901 901 901
B.10 1 1 600 541 541 541
A.15 1 1 200 181 181 181
C.19 1 1 1000 901 901 901
B.02 1 1 600 541 541 541
E.06 0 1 300 0 0 0
E.18 0 1 300 0 0 0
C.20 1 1 1000 901 901 901
F.02 1 1 300 271 271 271
F.11 1 1 300 271 271 271
F.12 1 1 300 271 271 271
E.05 0 1 300 0 0 0
B.16 1 1 600 541 541 541
A.08 1 1 200 181 181 181
C.14 1 1 1000 901 901 901
F.16 1 1 300 271 271 273
F.06 1 1 300 281 272 222646
A.03 1 1 200 181 181 181
E.19 0 1 300 0 0 0
C.15 1 1 1000 901 901 901
A.16 1 1 200 181 181 181
B.14 1 1 600 541 541 541
A.02 1 1 200 181 181 181
F.14 1 1 300 271 271 271
F.05 1 1 300 271 271 271
B.09 1 1 600 541 541 541
A.01 1 1 200 181 181 181
C.05 1 1 1000 901 901 901
B.01 1 1 600 541 541 541
A.09 1 1 200 181 181 181
A.07 1 1 200 181 181 181
F.03 1 1 300 271 271 271
E.12 0 1 300 0 0 0
C.06 1 1 1000 901 901 901
C.09 1 1 1000 901 901 901
B.17 1 1 600 541 541 541
C.07 1 1 1000 901 901 901
E.09 0 1 300 0 0 0
E.17 0 1 300 0 0 0
C.11 1 1 1000 901 901 901
F.10 0 1 300 0 0 0
A.17 1 1 200 181 181 181
B.15 1 1 600 541 541 541
E.03 0 1 300 0 0 0
F.19 1 1 300 273 271 508
A.12 1 1 200 181 181 181
B.08 1 1 600 541 541 541
F.17 1 1 300 271 271 6013
C.04 1 1 1000 901 901 901
B.19 1 1 600 541 541 541
C.16 1 1 1000 901 901 901
C.17 1 1 1000 901 901 901
E.08 0 1 300 0 0 0
F.13 1 1 300 346 304 27497025
A.20 1 1 200 181 181 181
E.02 0 1 300 0 0 0
E.16 0 1 300 0 0 0
B.12 1 1 600 541 541 541
F.09 1 1 300 287 276 1303
A.10 1 1 200 181 181 181
F.18 1 1 300 271 271 271
E.10 1 1 300 271 271 271
A.06 1 1 200 181 181 181
E.15 0 1 300 0 0 0
E.07 0 1 300 0 0 0
E.11 0 1 300 0 0 0
B.03 1 1 600 541 541 541
B.18 1 1 600 541 541 541
C.03 1 1 1000 901 901 901
A.18 1 1 200 181 181 181
F.15 1 1 300 271 271 271
A.19 1 1 200 181 181 181
C.12 1 1 1000 901 901 901
B.05 1 1 600 541 541 541
A.13 1 1 200 181 181 181
A.05 1 1 200 181 181 181
F.01 1 1 300 271 271 271
E.20 0 1 300 0 0 0
B.13 1 1 600 541 541 541
A.14 1 1 200 181 181 181
B.04 1 1 600 541 541 541
C.13 1 1 1000 901 901 901
F.07 1 1 300 271 271 373
E.13 0 1 300 0 0 0
E.14 0 1 300 0 0 0
A.11 1 1 200 181 181 181
si6-r005-m400.07 1 7 400 11071 9973 29521
si6-r005-m400.00 1 7 400 4167 3262 19054
si6-r005-m400.01 1 7 400 4135 3404 32422
si6-r005-m400.02 1 7 400 2639 2478 9970
si6-r005-m400.04 1 7 400 2755 2017 21711
si6-r005-m400.05 1 7 400 28408 23623 72267
si6-r005-m400.09 1 7 400 243 243 351
si6-r005-m400.03 1 7 400 6366 5306 57268
si6-r005-m400.06 1 7 400 1523 1445 7466
si6-r005-m400.08 1 7 400 11474 10416 39149
si6-m4Dr6-m625.04 1 6 625 376 376 376
si6-m4Dr6-m625.01 1 6 625 376 376 376
si6-m4Dr6-m625.09 1 6 625 376 376 376
si6-m4Dr6-m625.07 1 6 625 376 376 376
si6-m4Dr6-m625.00 1 6 625 376 376 376
si6-m4Dr6-m625.08 1 6 625 376 376 376
si6-m4Dr6-m625.05 1 6 625 376 376 376
si6-m4Dr6-m625.06 1 6 625 376 376 376
si6-m4Dr6-m625.02 1 6 625 376 376 376
si6-m4Dr6-m625.03 1 6 625 376 376 376
si4-m4Dr2-m625.09 1 6 625 251 251 251
si4-m4Dr2-m625.04 1 6 625 251 251 251
si4-m4Dr2-m625.02 1 6 625 251 251 251
si4-m4Dr2-m625.07 1 6 625 251 251 251
si4-m4Dr2-m625.00 1 6 625 251 251 251
si4-m4Dr2-m625.08 1 6 625 251 251 251
si4-m4Dr2-m625.01 1 6 625 251 251 251
si4-m4Dr2-m625.06 1 6 625 251 251 251
si4-m4Dr2-m625.03 1 6 625 251 251 251
si4-m4Dr2-m625.05 1 6 625 251 251 251
si2-r001-m600.00 1 7 600 613 613 666
si2-r001-m600.06 1 7 600 19949 19693 23718
si2-r001-m600.04 1 7 600 3356 3281 5469
si2-r001-m600.07 1 7 600 35103 34757 41246
si2-r001-m600.02 1 7 600 714 678 946
si2-r001-m600.08 1 7 600 10777 10747 12614
si2-r001-m600.03 1 7 600 2644 2628 2953
si2-r001-m600.01 1 7 600 442 444 539
si2-r001-m600.05 1 7 600 507 507 557
si2-r001-m600.09 1 7 600 11886 11406 14554
si2-m4Dr2-m256.09 1 6 256 53 52 91
si2-m4Dr2-m256.03 1 6 256 386 338 3667
si2-m4Dr2-m256.04 1 6 256 61 59 67
si2-m4Dr2-m256.07 1 6 256 52 52 52
si2-m4Dr2-m256.00 1 6 256 54 53 56
si2-m4Dr2-m256.06 1 6 256 98 95 621
si2-m4Dr2-m256.08 1 6 256 52 52 52
si2-m4Dr2-m256.05 1 6 256 52 52 52
si2-m4Dr2-m256.01 1 6 256 67 67 80
si2-m4Dr2-m256.02 1 6 256 54 53 56
si6-r001-m600.09 1 7 600 361 361 364
si6-r001-m600.00 1 7 600 374 374 380
si6-r001-m600.07 1 7 600 363 363 366
si6-r001-m600.03 1 7 600 366 365 369
si6-r001-m600.01 1 7 600 375 374 386
si6-r001-m600.06 1 7 600 371 370 374
si6-r001-m600.08 1 7 600 373 368 384
si6-r001-m600.02 1 7 600 368 365 374
si6-r001-m600.04 1 7 600 362 362 366
si6-r001-m600.05 1 7 600 366 363 367
si2-m4Dr2-m1296.05 1 6 1296 260 260 260
si2-m4Dr2-m1296.09 1 6 1296 263 262 264
si2-m4Dr2-m1296.02 1 6 1296 274 273 285
si2-m4Dr2-m1296.07 1 6 1296 260 260 260
si2-m4Dr2-m1296.00 1 6 1296 260 260 260
si2-m4Dr2-m1296.06 1 6 1296 260 260 261
si2-m4Dr2-m1296.08 1 6 1296 260 260 260
si2-m4Dr2-m1296.01 1 6 1296 301 302 310
si2-m4Dr2-m1296.03 1 6 1296 260 260 260
si2-m4Dr2-m1296.04 1 6 1296 260 260 260
si4-b06m-m800.08 1 4 800 321 321 321
si4-b06m-m800.00 1 4 800 321 321 321
si4-b06m-m800.06 1 4 800 321 321 322
si4-b06m-m800.05 1 4 800 321 321 321
si4-b06m-m800.04 1 4 800 321 321 321
si4-b06m-m800.09 1 4 800 321 321 321
si4-b06m-m800.01 1 4 800 321 321 321
si4-b06m-m800.07 1 4 800 321 321 321
si4-b06m-m800.03 1 4 800 321 321 321
si4-b06m-m800.02 1 4 800 321 321 321
si6-m4Dr2-m625.08 1 6 625 376 376 376
si6-m4Dr2-m625.09 1 6 625 376 376 376
si6-m4Dr2-m625.05 1 6 625 376 376 376
si6-m4Dr2-m625.01 1 6 625 376 376 376
si6-m4Dr2-m625.06 1 6 625 376 376 376
si6-m4Dr2-m625.00 1 6 625 376 376 376
si6-m4Dr2-m625.03 1 6 625 376 376 376
si6-m4Dr2-m625.02 1 6 625 376 376 376
si6-m4Dr2-m625.07 1 6 625 376 376 376
si6-m4Dr2-m625.04 1 6 625 376 376 376
si2-m4D-m1296.01 1 5 1296 389 401 474
si2-m4D-m1296.08 1 5 1296 260 260 265
si2-m4D-m1296.06 1 5 1296 5348 5325 8247
si2-m4D-m1296.05 1 5 1296 260 260 260
si2-m4D-m1296.09 1 5 1296 288 270 408
si2-m4D-m1296.03 1 5 1296 231 231 231
si2-m4D-m1296.07 1 5 1296 260 260 308
si2-m4D-m1296.02 1 5 1296 260 260 271
si2-m4D-m1296.04 1 5 1296 260 260 286
si2-m4D-m1296.00 1 5 1296 260 260 260
si4-b03-m800.05 1 3 800 321 321 321
si4-b03-m800.00 1 3 800 321 321 321
si4-b03-m800.08 1 3 800 321 321 321
si4-b03-m800.09 1 3 800 321 321 321
si4-b03-m800.03 1 3 800 321 321 321
si4-b03-m800.02 1 3 800 321 321 321
si4-b03-m800.04 1 3 800 321 321 321
si4-b03-m800.01 1 3 800 321 321 321
si4-b03-m800.06 1 3 800 321 321 321
si4-b03-m800.07 1 3 800 321 321 321
si6-m4D-m1296.02 1 5 1296 710 710 710
si6-m4D-m1296.07 1 5 1296 810 788 1000
si6-m4D-m1296.05 1 5 1296 720 720 720
si6-m4D-m1296.09 1 5 1296 1078 1036 1238
si6-m4D-m1296.00 1 5 1296 115135747 103355792 204817057
si6-m4D-m1296.08 1 5 1296 707 707 707
si6-m4D-m1296.04 1 5 1296 689 689 689
si6-m4D-m1296.06 1 5 1296 7106 4597 11892
si6-m4D-m1296.01 1 5 1296 3408 2776 6442
si6-m4D-m1296.03 1 5 1296 33066 10104 53620
si6-r001-m200.05 1 7 200 121 121 121
si6-r001-m200.09 1 7 200 124 123 125
si6-r001-m200.07 1 7 200 121 121 121
si6-r001-m200.02 1 7 200 123 123 125
si6-r001-m200.01 1 7 200 121 121 121
si6-r001-m200.00 1 7 200 121 121 121
si6-r001-m200.04 1 7 200 123 122 126
si6-r001-m200.06 1 7 200 121 121 121
si6-r001-m200.08 1 7 200 121 121 121
si6-r001-m200.03 1 7 200 121 121 121
si4-b06-m400.06 1 3 400 161 161 161
si4-b06-m400.07 1 3 400 161 161 161
si4-b06-m400.09 1 3 400 161 161 161
si4-b06-m400.01 1 3 400 161 161 161
si4-b06-m400.04 1 3 400 161 161 161
si4-b06-m400.03 1 3 400 161 161 161
si4-b06-m400.00 1 3 400 161 161 161
si4-b06-m400.05 1 3 400 161 161 161
si4-b06-m400.08 1 3 400 161 161 161
si4-b06-m400.02 1 3 400 161 161 161
si2-m4Dr6-m256.06 1 6 256 62 62 72
si2-m4Dr6-m256.05 1 6 256 52 52 52
si2-m4Dr6-m256.09 1 6 256 53 53 53
si2-m4Dr6-m256.00 1 6 256 72 70 90
si2-m4Dr6-m256.07 1 6 256 52 52 52
si2-m4Dr6-m256.04 1 6 256 52 52 52
si2-m4Dr6-m256.02 1 6 256 62 62 85
si2-m4Dr6-m256.01 1 6 256 52 52 52
si2-m4Dr6-m256.08 1 6 256 130 114 195
si2-m4Dr6-m256.03 1 6 256 52 52 53
si6-r01-m200.04 1 7 200 939 884 45137
si6-r01-m200.08 1 7 200 317 301 5888
si6-r01-m200.02 1 7 200 1050 843 14778
si6-r01-m200.09 1 7 200 21718 19379 168352
si6-r01-m200.07 1 7 200 627 581 12066
si6-r01-m200.00 1 7 200 6107 4225 77683
si6-r01-m200.01 1 7 200 28146 23674 116341
si6-r01-m200.03 1 7 200 2510 1795 27538
si6-r01-m200.05 1 7 200 42222 37409 100194
si6-r01-m200.06 1 7 200 9286 6593 37159
si2-b03m-m800.03 1 4 800 161 161 161
si2-b03m-m800.02 1 4 800 161 161 161
si2-b03m-m800.09 1 4 800 161 161 161
si2-b03m-m800.04 1 4 800 161 161 161
si2-b03m-m800.06 1 4 800 161 161 161
si2-b03m-m800.05 1 4 800 161 161 161
si2-b03m-m800.01 1 4 800 161 161 161
si2-b03m-m800.08 1 4 800 161 161 161
si2-b03m-m800.07 1 4 800 161 161 161
si2-b03m-m800.00 1 4 800 161 161 161
si2-r001-m200.06 1 7 200 41 41 41
si2-r001-m200.01 1 7 200 52 50 55
si2-r001-m200.02 1 7 200 342 340 572
si2-r001-m200.07 1 7 200 42 42 42
si2-r001-m200.04 1 7 200 56 57 67
si2-r001-m200.05 1 7 200 43 43 46
si2-r001-m200.09 1 7 200 42 42 42
si2-r001-m200.03 1 7 200 48 48 48
si2-r001-m200.00 1 7 200 43 43 44
si2-r001-m200.08 1 7 200 41 41 42
si6-b03m-m800.01 1 4 800 481 481 481
si6-b03m-m800.08 1 4 800 481 481 481
si6-b03m-m800.03 1 4 800 481 481 481
si6-b03m-m800.00 1 4 800 481 481 481
si6-b03m-m800.04 1 4 800 481 481 481
si6-b03m-m800.05 1 4 800 481 481 481
si6-b03m-m800.07 1 4 800 481 481 481
si6-b03m-m800.06 1 4 800 481 481 481
si6-b03m-m800.09 1 4 800 481 481 481
si6-b03m-m800.02 1 4 800 481 481 481
si4-r005-m200.00 1 7 200 1147 1109 1398
si4-r005-m200.08 1 7 200 803 791 1393
si4-r005-m200.02 1 7 200 2279 2261 4855
si4-r005-m200.05 1 7 200 180 173 378
si4-r005-m200.06 1 7 200 370 352 2662
si4-r005-m200.04 1 7 200 2317 2232 2870
si4-r005-m200.07 1 7 200 3767 3713 5273
si4-r005-m200.09 1 7 200 2563 2509 3476
si4-r005-m200.01 1 7 200 128 128 136
si4-r005-m200.03 1 7 200 442 434 584
si6-b09m-m400.03 1 4 400 241 241 241
si6-b09m-m400.07 1 4 400 241 241 241
si6-b09m-m400.00 1 4 400 241 241 241
si6-b09m-m400.04 1 4 400 241 241 241
si6-b09m-m400.06 1 4 400 241 241 241
si6-b09m-m400.08 1 4 400 241 241 241
si6-b09m-m400.02 1 4 400 241 241 241
si6-b09m-m400.05 1 4 400 241 241 241
si6-b09m-m400.09 1 4 400 241 241 241
si6-b09m-m400.01 1 4 400 241 241 241
si2-b09-m200.08 1 3 200 41 41 41
si2-b09-m200.01 1 3 200 41 41 41
si2-b09-m200.06 1 3 200 41 41 41
si2-b09-m200.05 1 3 200 41 41 41
si2-b09-m200.00 1 3 200 41 41 41
si2-b09-m200.02 1 3 200 41 41 41
si2-b09-m200.03 1 3 200 41 41 41
si2-b09-m200.04 1 3 200 41 41 41
si2-b09-m200.09 1 3 200 41 41 41
si2-b09-m200.07 1 3 200 41 41 41
si6-r01-m600.02 1 7 600 130977 112617 1741922
si6-r01-m600.06 1 7 600 214231 170646 1615842
si6-r01-m600.09 1 7 600 33303 28991 1270466
si6-r01-m600.08 1 7 600 899841 492076 6227643
si6-r01-m600.05 1 7 600 122075 69105 1038187
si6-r01-m600.07 1 7 600 994069 480739 4940873
si6-r01-m600.03 1 7 600 246316 201013 4475437
si6-r01-m600.00 1 7 600 49055 40334 4655911
si6-r01-m600.01 1 7 600 3250892 2326608 9519626
si6-r01-m600.04 1 7 600 2114165 1561121 8954955
si2-b06-m200.02 1 3 200 41 41 41
si2-b06-m200.00 1 3 200 41 41 41
si2-b06-m200.01 1 3 200 41 41 41
si2-b06-m200.06 1 3 200 41 41 41
si2-b06-m200.09 1 3 200 41 41 41
si2-b06-m200.07 1 3 200 41 41 41
si2-b06-m200.04 1 3 200 41 41 41
si2-b06-m200.08 1 3 200 41 41 41
si2-b06-m200.03 1 3 200 41 41 41
si2-b06-m200.05 1 3 200 41 41 41
si6-m4Dr2-m1296.05 1 6 1296 778 778 778
si6-m4Dr2-m1296.09 1 6 1296 778 778 778
si6-m4Dr2-m1296.01 1 6 1296 778 778 778
si6-m4Dr2-m1296.06 1 6 1296 778 778 778
si6-m4Dr2-m1296.07 1 6 1296 778 778 778
si6-m4Dr2-m1296.03 1 6 1296 778 778 778
si6-m4Dr2-m1296.04 1 6 1296 778 778 778
si6-m4Dr2-m1296.00 1 6 1296 778 778 778
si6-m4Dr2-m1296.08 1 6 1296 778 778 778
si6-m4Dr2-m1296.02 1 6 1296 778 778 778
si2-b09m-m800.09 1 4 800 161 161 164
si2-b09m-m800.07 1 4 800 161 161 164
si2-b09m-m800.00 1 4 800 161 161 164
si2-b09m-m800.04 1 4 800 161 161 163
si2-b09m-m800.02 1 4 800 161 161 163
si2-b09m-m800.05 1 4 800 161 161 168
si2-b09m-m800.03 1 4 800 161 161 161
si2-b09m-m800.08 1 4 800 161 161 161
si2-b09m-m800.06 1 4 800 161 161 161
si2-b09m-m800.01 1 4 800 161 161 163
si4-b03-m400.01 1 3 400 161 161 161
si4-b03-m400.02 1 3 400 161 161 161
si4-b03-m400.05 1 3 400 161 161 161
si4-b03-m400.07 1 3 400 161 161 161
si4-b03-m400.06 1 3 400 161 161 161
si4-b03-m400.00 1 3 400 161 161 161
si4-b03-m400.03 1 3 400 161 161 161
si4-b03-m400.04 1 3 400 161 161 161
si4-b03-m400.09 1 3 400 161 161 161
si4-b03-m400.08 1 3 400 161 161 161
si2-b03-m200.05 1 3 200 41 41 41
si2-b03-m200.09 1 3 200 41 41 41
si2-b03-m200.07 1 3 200 41 41 41
si2-b03-m200.01 1 3 200 41 41 41
si2-b03-m200.08 1 3 200 41 41 41
si2-b03-m200.02 1 3 200 41 41 41
si2-b03-m200.04 1 3 200 41 41 41
si2-b03-m200.03 1 3 200 41 41 41
si2-b03-m200.06 1 3 200 41 41 41
si2-b03-m200.00 1 3 200 41 41 41
si4-r005-m600.00 1 7 600 178500 146538 686616
si4-r005-m600.02 1 7 600 41262 40364 58415
si4-r005-m600.08 1 7 600 268218 251536 406035
si4-r005-m600.05 1 7 600 237096 224670 320254
si4-r005-m600.07 1 7 600 47746 43749 102927
si4-r005-m600.06 1 7 600 468059 381467 786012
si4-r005-m600.01 1 7 600 202918 182589 835725
si4-r005-m600.04 1 7 600 178242 150698 348385
si4-r005-m600.03 1 7 600 68906 52385 735197
si4-r005-m600.09 1 7 600 14258 12507 33476
si4-b09-m400.05 1 3 400 161 161 161
si4-b09-m400.03 1 3 400 161 161 161
si4-b09-m400.00 1 3 400 161 161 161
si4-b09-m400.07 1 3 400 161 161 161
si4-b09-m400.01 1 3 400 161 161 161
si4-b09-m400.06 1 3 400 161 161 161
si4-b09-m400.04 1 3 400 161 161 161
si4-b09-m400.02 1 3 400 161 161 161
si4-b09-m400.08 1 3 400 161 161 161
si4-b09-m400.09 1 3 400 161 161 161
si4-b06m-m400.06 1 4 400 161 161 161
si4-b06m-m400.03 1 4 400 161 161 161
si4-b06m-m400.01 1 4 400 161 161 161
si4-b06m-m400.08 1 4 400 161 161 161
si4-b06m-m400.05 1 4 400 161 161 161
si4-b06m-m400.07 1 4 400 161 161 161
si4-b06m-m400.00 1 4 400 161 161 161
si4-b06m-m400.04 1 4 400 161 161 161
si4-b06m-m400.09 1 4 400 161 161 161
si4-b06m-m400.02 1 4 400 161 161 161
si2-m4Dr2-m625.05 1 6 625 126 126 127
si2-m4Dr2-m625.00 1 6 625 263 250 275
si2-m4Dr2-m625.08 1 6 625 126 126 126
si2-m4Dr2-m625.09 1 6 625 126 126 126
si2-m4Dr2-m625.06 1 6 625 128 127 128
si2-m4Dr2-m625.04 1 6 625 126 126 128
si2-m4Dr2-m625.01 1 6 625 126 126 126
si2-m4Dr2-m625.03 1 6 625 126 126 126
si2-m4Dr2-m625.02 1 6 625 137 137 971
si2-m4Dr2-m625.07 1 6 625 126 126 126
si2-r005-m200.02 1 7 200 859 858 1724
si2-r005-m200.01 1 7 200 77539 77476 81562
si2-r005-m200.03 1 7 200 11450 11457 12133
si2-r005-m200.05 1 7 200 3626199 3611807 3965154
si2-r005-m200.08 1 7 200 491112 489888 528748
si2-r005-m200.04 1 7 200 2417392 2416190 2513700
si2-r005-m200.09 1 7 200 14662 14637 15917
si2-r005-m200.06 1 7 200 30835 30814 33387
si2-r005-m200.00 1 7 200 199088 198610 237355
si2-r005-m200.07 1 7 200 8524 8490 10367
si4-b03m-m400.03 1 4 400 161 161 161
si4-b03m-m400.09 1 4 400 161 161 161
si4-b03m-m400.08 1 4 400 161 161 161
si4-b03m-m400.04 1 4 400 161 161 161
si4-b03m-m400.00 1 4 400 161 161 161
si4-b03m-m400.01 1 4 400 161 161 161
si4-b03m-m400.07 1 4 400 161 161 161
si4-b03m-m400.02 1 4 400 161 161 161
si4-b03m-m400.06 1 4 400 161 161 161
si4-b03m-m400.05 1 4 400 161 161 161
si2-r01-m600.01 1 7 600 8665989 8388310 11302458
si2-r01-m600.06 1 7 600 5431515 5400467 6393022
si2-r01-m600.09 1 7 600 18473903 17959348 25324244
si2-r01-m600.08 1 7 600 35388046 34834572 41183839
si2-r01-m600.04 1 7 600 41329211 40545189 50965787
si2-r01-m600.02 1 7 600 120082292 118190896 138016066
si2-r01-m600.00 1 7 600 732564178 1000000000 909075157
si2-r01-m600.07 1 7 600 12521455 12263893 14501574
si2-r01-m600.03 1 7 600 73526971 70212673 94076908
si2-r01-m600.05 1 7 600 6421280 6366060 8253657
si4-m4Dr6-m256.01 1 6 256 103 103 103
si4-m4Dr6-m256.00 1 6 256 114 114 114
si4-m4Dr6-m256.05 1 6 256 108 107 112
si4-m4Dr6-m256.08 1 6 256 105 104 106
si4-m4Dr6-m256.03 1 6 256 103 103 103
si4-m4Dr6-m256.06 1 6 256 103 103 103
si4-m4Dr6-m256.09 1 6 256 103 103 103
si4-m4Dr6-m256.07 1 6 256 105 105 109
si4-m4Dr6-m256.02 1 6 256 103 103 103
si4-m4Dr6-m256.04 1 6 256 105 105 105
si2-b03m-m400.02 1 4 400 81 81 81
si2-b03m-m400.00 1 4 400 81 81 81
si2-b03m-m400.01 1 4 400 81 81 81
si2-b03m-m400.05 1 4 400 81 81 81
si2-b03m-m400.08 1 4 400 81 81 81
si2-b03m-m400.07 1 4 400 81 81 81
si2-b03m-m400.09 1 4 400 81 81 81
si2-b03m-m400.03 1 4 400 81 81 81
si2-b03m-m400.04 1 4 400 81 81 81
si2-b03m-m400.06 1 4 400 81 81 81
si2-b03m-m200.05 1 4 200 41 41 41
si2-b03m-m200.03 1 4 200 41 41 41
si2-b03m-m200.00 1 4 200 41 41 41
si2-b03m-m200.08 1 4 200 41 41 41
si2-b03m-m200.06 1 4 200 41 41 41
si2-b03m-m200.02 1 4 200 41 41 41
si2-b03m-m200.09 1 4 200 41 41 41
si2-b03m-m200.04 1 4 200 41 41 41
si2-b03m-m200.01 1 4 200 41 41 41
si2-b03m-m200.07 1 4 200 41 41 41
si4-r001-m200.04 1 7 200 81 81 81
si4-r001-m200.07 1 7 200 86 82 90
si4-r001-m200.00 1 7 200 81 81 81
si4-r001-m200.01 1 7 200 81 81 81
si4-r001-m200.03 1 7 200 87 87 91
si4-r001-m200.06 1 7 200 81 81 81
si4-r001-m200.05 1 7 200 81 81 81
si4-r001-m200.08 1 7 200 87 87 90
si4-r001-m200.09 1 7 200 367 332 436
si4-r001-m200.02 1 7 200 122 115 130
si2-m4D-m256.08 1 5 256 692 620 1006
si2-m4D-m256.03 1 5 256 60 64 56
si2-m4D-m256.02 1 5 256 233 116 424
si2-m4D-m256.06 1 5 256 52 52 52
si2-m4D-m256.04 1 5 256 52 52 59
si2-m4D-m256.07 1 5 256 52 52 77
si2-m4D-m256.01 1 5 256 52 52 52
si2-m4D-m256.09 1 5 256 54 54 55
si2-m4D-m256.00 1 5 256 52 52 52
si2-m4D-m256.05 1 5 256 98 90 128
si6-r01-m400.04 1 7 400 216563 179667 1506201
si6-r01-m400.08 1 7 400 24369 15337 191540
si6-r01-m400.07 1 7 400 48656 42585 963208
si6-r01-m400.06 1 7 400 32086 21741 1491629
si6-r01-m400.05 1 7 400 600192 442767 3383537
si6-r01-m400.02 1 7 400 145011 112508 780157
si6-r01-m400.00 1 7 400 141898 95804 461493
si6-r01-m400.03 1 7 400 45199 34910 1173400
si6-r01-m400.01 1 7 400 55288 49744 1309591
si6-r01-m400.09 1 7 400 255710 180581 1746506
si2-m4Dr4-m625.07 1 6 625 127 126 131
si2-m4Dr4-m625.02 1 6 625 126 126 126
si2-m4Dr4-m625.03 1 6 625 126 126 126
si2-m4Dr4-m625.00 1 6 625 126 126 126
si2-m4Dr4-m625.05 1 6 625 126 126 126
si2-m4Dr4-m625.06 1 6 625 141 141 144
si2-m4Dr4-m625.09 1 6 625 490 463 910
si2-m4Dr4-m625.01 1 6 625 126 126 126
si2-m4Dr4-m625.08 1 6 625 126 126 126
si2-m4Dr4-m625.04 1 6 625 140 140 142
si4-r01-m400.01 1 7 400 1919 1615 28985
si4-r01-m400.08 1 7 400 1384834 1215866 3473944
si4-r01-m400.02 1 7 400 5560678 4986925 10306333
si4-r01-m400.03 1 7 400 651133 635416 1050031
si4-r01-m400.07 1 7 400 1101216 903687 2774634
si4-r01-m400.06 1 7 400 65755 61679 288643
si4-r01-m400.04 1 7 400 5591160 5175886 8438045
si4-r01-m400.00 1 7 400 9426571 8242514 15356103
si4-r01-m400.05 1 7 400 240181 228805 870721
si4-r01-m400.09 1 7 400 1109809 1053158 1771824
si2-b09m-m400.09 1 4 400 81 81 85
si2-b09m-m400.03 1 4 400 82 81 107
si2-b09m-m400.01 1 4 400 81 81 81
si2-b09m-m400.08 1 4 400 81 81 91
si2-b09m-m400.05 1 4 400 81 81 81
si2-b09m-m400.06 1 4 400 81 81 83
si2-b09m-m400.00 1 4 400 81 81 81
si2-b09m-m400.02 1 4 400 81 81 81
si2-b09m-m400.04 1 4 400 81 81 83
si2-b09m-m400.07 1 4 400 81 81 81
si2-b09-m800.07 1 3 800 161 161 161
si2-b09-m800.04 1 3 800 161 161 161
si2-b09-m800.05 1 3 800 161 161 161
si2-b09-m800.00 1 3 800 161 161 161
si2-b09-m800.02 1 3 800 161 161 161
si2-b09-m800.01 1 3 800 161 161 161
si2-b09-m800.08 1 3 800 161 161 161
si2-b09-m800.09 1 3 800 161 161 161
si2-b09-m800.03 1 3 800 161 161 161
si2-b09-m800.06 1 3 800 161 161 161
si6-b03-m400.04 1 3 400 241 241 241
si6-b03-m400.09 1 3 400 241 241 241
si6-b03-m400.02 1 3 400 241 241 241
si6-b03-m400.06 1 3 400 241 241 241
si6-b03-m400.05 1 3 400 241 241 241
si6-b03-m400.08 1 3 400 241 241 241
si6-b03-m400.01 1 3 400 241 241 241
si6-b03-m400.07 1 3 400 241 241 241
si6-b03-m400.03 1 3 400 241 241 241
si6-b03-m400.00 1 3 400 241 241 241
si2-r005-m600.03 1 7 600 623912 616637 872425
si2-r005-m600.00 1 7 600 15299650 15246433 16155356
si2-r005-m600.06 1 7 600 942181 937926 1035671
si2-r005-m600.01 1 7 600 3764976 3742640 4076595
si2-r005-m600.04 1 7 600 9424421 9359047 10314695
si2-r005-m600.09 1 7 600 858182 818482 1240495
si2-r005-m600.05 1 7 600 45575857 44996316 50355503
si2-r005-m600.02 1 7 600 10333495 10192093 11515302
si2-r005-m600.08 1 7 600 2294902 2280156 2530592
si2-r005-m600.07 1 7 600 233818 232732 275890
si4-r01-m600.05 1 7 600 253588 163097 1668023
si4-r01-m600.02 1 7 600 466397 438230 1195356
si4-r01-m600.03 1 7 600 2279452 1943950 4939387
si4-r01-m600.07 1 7 600 4026555 3615475 9918727
si4-r01-m600.08 1 7 600 3277425 2902192 7954733
si4-r01-m600.06 1 7 600 1176099 1092139 3383634
si4-r01-m600.01 1 7 600 12257999 11172889 18001882
si4-r01-m600.04 1 7 600 3388915 3071954 7958827
si4-r01-m600.00 1 7 600 7790299 6558951 18881583
si4-r01-m600.09 1 7 600 1925625 1113833 10277861
si2-b09-m400.04 1 3 400 81 81 81
si2-b09-m400.08 1 3 400 81 81 81
si2-b09-m400.05 1 3 400 81 81 81
si2-b09-m400.01 1 3 400 81 81 81
si2-b09-m400.03 1 3 400 81 81 81
si2-b09-m400.02 1 3 400 81 81 81
si2-b09-m400.07 1 3 400 81 81 81
si2-b09-m400.09 1 3 400 81 81 81
si2-b09-m400.06 1 3 400 81 81 81
si2-b09-m400.00 1 3 400 81 81 81
si4-b06-m200.06 1 3 200 81 81 81
si4-b06-m200.03 1 3 200 81 81 81
si4-b06-m200.02 1 3 200 81 81 81
si4-b06-m200.07 1 3 200 81 81 81
si4-b06-m200.05 1 3 200 81 81 81
si4-b06-m200.08 1 3 200 81 81 81
si4-b06-m200.00 1 3 200 81 81 81
si4-b06-m200.04 1 3 200 81 81 81
si4-b06-m200.01 1 3 200 81 81 81
si4-b06-m200.09 1 3 200 81 81 81
si4-r005-m400.06 1 7 400 73855 67890 146296
si4-r005-m400.03 1 7 400 12970 10225 91029
si4-r005-m400.07 1 7 400 88257 83884 138263
si4-r005-m400.01 1 7 400 9839 9655 37046
si4-r005-m400.04 1 7 400 20794 18951 35362
si4-r005-m400.00 1 7 400 21922 20839 38670
si4-r005-m400.09 1 7 400 24771 23995 53801
si4-r005-m400.05 1 7 400 10910 10547 47857
si4-r005-m400.08 1 7 400 3865 3850 9880
si4-r005-m400.02 1 7 400 56685 53078 124382
si4-m4Dr2-m1296.07 1 6 1296 519 519 519
si4-m4Dr2-m1296.00 1 6 1296 519 519 519
si4-m4Dr2-m1296.05 1 6 1296 519 519 519
si4-m4Dr2-m1296.04 1 6 1296 519 519 519
si4-m4Dr2-m1296.08 1 6 1296 519 519 519
si4-m4Dr2-m1296.01 1 6 1296 519 519 519
si4-m4Dr2-m1296.06 1 6 1296 519 519 519
si4-m4Dr2-m1296.02 1 6 1296 519 519 519
si4-m4Dr2-m1296.03 1 6 1296 519 519 519
si4-m4Dr2-m1296.09 1 6 1296 519 519 519
si6-b09-m800.03 1 3 800 481 481 481
si6-b09-m800.09 1 3 800 481 481 481
si6-b09-m800.07 1 3 800 481 481 481
si6-b09-m800.05 1 3 800 481 481 481
si6-b09-m800.04 1 3 800 481 481 481
si6-b09-m800.01 1 3 800 481 481 481
si6-b09-m800.00 1 3 800 481 481 481
si6-b09-m800.02 1 3 800 481 481 481
si6-b09-m800.06 1 3 800 481 481 481
si6-b09-m800.08 1 3 800 481 481 481
si6-b06m-m400.00 1 4 400 241 241 241
si6-b06m-m400.08 1 4 400 241 241 241
si6-b06m-m400.03 1 4 400 241 241 241
si6-b06m-m400.04 1 4 400 241 241 241
si6-b06m-m400.06 1 4 400 241 241 241
si6-b06m-m400.07 1 4 400 241 241 241
si6-b06m-m400.09 1 4 400 241 241 241
si6-b06m-m400.02 1 4 400 241 241 241
si6-b06m-m400.01 1 4 400 241 241 241
si6-b06m-m400.05 1 4 400 241 241 241
si2-m4Dr4-m1296.08 1 6 1296 268 267 269
si2-m4Dr4-m1296.07 1 6 1296 260 260 260
si2-m4Dr4-m1296.03 1 6 1296 260 260 260
si2-m4Dr4-m1296.05 1 6 1296 260 260 260
si2-m4Dr4-m1296.06 1 6 1296 260 260 260
si2-m4Dr4-m1296.04 1 6 1296 260 260 260
si2-m4Dr4-m1296.09 1 6 1296 260 260 260
si2-m4Dr4-m1296.01 1 6 1296 261 261 261
si2-m4Dr4-m1296.00 1 6 1296 260 260 261
si2-m4Dr4-m1296.02 1 6 1296 263 263 265
si6-m4Dr6-m1296.02 1 6 1296 778 778 778
si6-m4Dr6-m1296.08 1 6 1296 778 778 778
si6-m4Dr6-m1296.07 1 6 1296 778 778 778
si6-m4Dr6-m1296.06 1 6 1296 778 778 778
si6-m4Dr6-m1296.03 1 6 1296 778 778 778
si6-m4Dr6-m1296.04 1 6 1296 778 778 778
si6-m4Dr6-m1296.05 1 6 1296 778 778 778
si6-m4Dr6-m1296.00 1 6 1296 778 778 778
si6-m4Dr6-m1296.09 1 6 1296 778 778 778
si6-m4Dr6-m1296.01 1 6 1296 778 778 778
si4-m4Dr2-m256.00 1 6 256 106 105 107
si4-m4Dr2-m256.01 1 6 256 103 103 103
si4-m4Dr2-m256.05 1 6 256 103 103 103
si4-m4Dr2-m256.04 1 6 256 103 103 103
si4-m4Dr2-m256.08 1 6 256 103 103 103
si4-m4Dr2-m256.07 1 6 256 103 103 103
si4-m4Dr2-m256.06 1 6 256 103 103 103
si4-m4Dr2-m256.02 1 6 256 103 103 103
si4-m4Dr2-m256.09 1 6 256 104 104 105
si4-m4Dr2-m256.03 1 6 256 103 103 103
si4-b09m-m200.01 1 4 200 81 81 81
si4-b09m-m200.00 1 4 200 81 81 82
si4-b09m-m200.03 1 4 200 81 81 82
si4-b09m-m200.06 1 4 200 81 81 89
si4-b09m-m200.02 1 4 200 81 81 81
si4-b09m-m200.04 1 4 200 81 81 81
si4-b09m-m200.05 1 4 200 81 81 81
si4-b09m-m200.07 1 4 200 81 81 81
si4-b09m-m200.08 1 4 200 81 81 81
si4-b09m-m200.09 1 4 200 81 81 83
si4-m4Dr4-m625.07 1 6 625 251 251 251
si4-m4Dr4-m625.05 1 6 625 251 251 251
si4-m4Dr4-m625.01 1 6 625 251 251 251
si4-m4Dr4-m625.08 1 6 625 251 251 251
si4-m4Dr4-m625.09 1 6 625 251 251 251
si4-m4Dr4-m625.00 1 6 625 251 251 251
si4-m4Dr4-m625.04 1 6 625 251 251 251
si4-m4Dr4-m625.06 1 6 625 251 251 251
si4-m4Dr4-m625.03 1 6 625 251 251 251
si4-m4Dr4-m625.02 1 6 625 251 251 251
si4-m4Dr4-m1296.03 1 6 1296 519 519 519
si4-m4Dr4-m1296.01 1 6 1296 519 519 519
si4-m4Dr4-m1296.00 1 6 1296 519 519 519
si4-m4Dr4-m1296.07 1 6 1296 519 519 519
si4-m4Dr4-m1296.02 1 6 1296 519 519 519
si4-m4Dr4-m1296.04 1 6 1296 519 519 519
si4-m4Dr4-m1296.09 1 6 1296 519 519 519
si4-m4Dr4-m1296.06 1 6 1296 520 520 520
si4-m4Dr4-m1296.08 1 6 1296 519 519 519
si4-m4Dr4-m1296.05 1 6 1296 519 519 519
si2-r005-m400.05 1 7 400 330312 329638 414209
si2-r005-m400.06 1 7 400 154361 153597 171777
si2-r005-m400.08 1 7 400 194745 193401 219276
si2-r005-m400.02 1 7 400 33708162 33013488 38536745
si2-r005-m400.03 1 7 400 497641 494868 574469
si2-r005-m400.00 1 7 400 82796 80948 104811
si2-r005-m400.07 1 7 400 1182260 1177678 1243394
si2-r005-m400.09 1 7 400 10974 10532 15987
si2-r005-m400.04 1 7 400 679787 675849 739743
si2-r005-m400.01 1 7 400 22207 22083 41130
si2-b06m-m400.03 1 4 400 81 81 81
si2-b06m-m400.06 1 4 400 81 81 81
si2-b06m-m400.05 1 4 400 81 81 82
si2-b06m-m400.01 1 4 400 81 81 82
si2-b06m-m400.00 1 4 400 81 81 81
si2-b06m-m400.08 1 4 400 81 81 81
si2-b06m-m400.07 1 4 400 81 81 81
si2-b06m-m400.09 1 4 400 81 81 81
si2-b06m-m400.04 1 4 400 81 81 81
si2-b06m-m400.02 1 4 400 81 81 81
si6-r005-m600.02 1 7 600 14016 10064 88714
si6-r005-m600.08 1 7 600 14982 11969 37163
si6-r005-m600.03 1 7 600 119376 102086 221070
si6-r005-m600.05 1 7 600 61410 48521 222213
si6-r005-m600.07 1 7 600 58146 47578 140295
si6-r005-m600.04 1 7 600 56064 49402 291910
si6-r005-m600.06 1 7 600 155248 113202 455121
si6-r005-m600.01 1 7 600 3720 3019 90948
si6-r005-m600.09 1 7 600 86272 60238 349278
si6-r005-m600.00 1 7 600 9185 5416 43329
si6-r005-m200.02 1 7 200 728 668 1312
si6-r005-m200.08 1 7 200 586 530 2062
si6-r005-m200.09 1 7 200 169 166 224
si6-r005-m200.05 1 7 200 850 767 3414
si6-r005-m200.03 1 7 200 267 252 724
si6-r005-m200.00 1 7 200 326 308 574
si6-r005-m200.04 1 7 200 294 268 1173
si6-r005-m200.07 1 7 200 400 355 955
si6-r005-m200.01 1 7 200 157 151 201
si6-r005-m200.06 1 7 200 121 121 132
si2-m4Dr6-m625.06 1 6 625 126 126 126
si2-m4Dr6-m625.08 1 6 625 126 126 126
si2-m4Dr6-m625.07 1 6 625 126 126 126
si2-m4Dr6-m625.03 1 6 625 126 126 126
si2-m4Dr6-m625.04 1 6 625 128 128 129
si2-m4Dr6-m625.05 1 6 625 126 126 126
si2-m4Dr6-m625.09 1 6 625 129 127 132
si2-m4Dr6-m625.01 1 6 625 127 127 127
si2-m4Dr6-m625.02 1 6 625 130 126 130
si2-m4Dr6-m625.00 1 6 625 126 126 126
si6-b03-m800.02 1 3 800 481 481 481
si6-b03-m800.04 1 3 800 481 481 481
si6-b03-m800.03 1 3 800 481 481 481
si6-b03-m800.05 1 3 800 481 481 481
si6-b03-m800.06 1 3 800 481 481 481
si6-b03-m800.01 1 3 800 481 481 481
si6-b03-m800.00 1 3 800 481 481 481
si6-b03-m800.07 1 3 800 481 481 481
si6-b03-m800.09 1 3 800 481 481 481
si6-b03-m800.08 1 3 800 481 481 481
si4-m4D-m1296.09 1 5 1296 519 519 519
si4-m4D-m1296.06 1 5 1296 519 519 519
si4-m4D-m1296.05 1 5 1296 519 519 519
si4-m4D-m1296.00 1 5 1296 757 742 663
si4-m4D-m1296.03 1 5 1296 1357 1262 3115
si4-m4D-m1296.04 1 5 1296 519 519 519
si4-m4D-m1296.08 1 5 1296 1000000000 1000000000 1000000000
si4-m4D-m1296.02 1 5 1296 1783 1459 3696
si4-m4D-m1296.01 1 5 1296 519 519 519
si4-m4D-m1296.07 1 5 1296 519 519 519
si6-b03m-m400.03 1 4 400 241 241 241
si6-b03m-m400.01 1 4 400 241 241 241
si6-b03m-m400.09 1 4 400 241 241 241
si6-b03m-m400.08 1 4 400 241 241 241
si6-b03m-m400.07 1 4 400 241 241 241
si6-b03m-m400.02 1 4 400 241 241 241
si6-b03m-m400.05 1 4 400 241 241 241
si6-b03m-m400.00 1 4 400 241 241 241
si6-b03m-m400.06 1 4 400 241 241 241
si6-b03m-m400.04 1 4 400 241 241 241
si4-m4D-m256.07 1 5 256 103 103 103
si4-m4D-m256.06 1 5 256 103 103 103
si4-m4D-m256.05 1 5 256 103 103 103
si4-m4D-m256.08 1 5 256 119 114 153
si4-m4D-m256.04 1 5 256 103 103 141
si4-m4D-m256.09 1 5 256 147 135 212
si4-m4D-m256.02 1 5 256 103 103 110
si4-m4D-m256.00 1 5 256 130 119 183
si4-m4D-m256.03 1 5 256 104 103 103
si4-m4D-m256.01 1 5 256 103 103 139
si6-b06m-m800.07 1 4 800 481 481 481
si6-b06m-m800.04 1 4 800 481 481 482
si6-b06m-m800.01 1 4 800 481 481 481
si6-b06m-m800.00 1 4 800 481 481 481
si6-b06m-m800.05 1 4 800 481 481 481
si6-b06m-m800.08 1 4 800 481 481 481
si6-b06m-m800.09 1 4 800 481 481 481
si6-b06m-m800.02 1 4 800 481 481 481
si6-b06m-m800.03 1 4 800 481 481 481
si6-b06m-m800.06 1 4 800 481 481 481
si4-r001-m400.08 1 7 400 308 298 382
si4-r001-m400.06 1 7 400 162 161 162
si4-r001-m400.02 1 7 400 161 161 161
si4-r001-m400.00 1 7 400 994 990 1117
si4-r001-m400.04 1 7 400 187 187 191
si4-r001-m400.03 1 7 400 164 164 164
si4-r001-m400.09 1 7 400 170 167 206
si4-r001-m400.05 1 7 400 3815 3743 4305
si4-r001-m400.01 1 7 400 166 166 171
si4-r001-m400.07 1 7 400 170 170 183
si2-m4Dr6-m1296.00 1 6 1296 260 260 260
si2-m4Dr6-m1296.01 1 6 1296 260 260 260
si2-m4Dr6-m1296.09 1 6 1296 260 260 260
si2-m4Dr6-m1296.06 1 6 1296 260 260 260
si2-m4Dr6-m1296.03 1 6 1296 260 260 260
si2-m4Dr6-m1296.02 1 6 1296 260 260 260
si2-m4Dr6-m1296.05 1 6 1296 260 260 260
si2-m4Dr6-m1296.08 1 6 1296 260 260 260
si2-m4Dr6-m1296.04 1 6 1296 260 260 260
si2-m4Dr6-m1296.07 1 6 1296 262 262 262
si2-b03-m800.07 1 3 800 161 161 161
si2-b03-m800.08 1 3 800 161 161 161
si2-b03-m800.04 1 3 800 161 161 161
si2-b03-m800.05 1 3 800 161 161 161
si2-b03-m800.09 1 3 800 161 161 161
si2-b03-m800.00 1 3 800 161 161 161
si2-b03-m800.02 1 3 800 161 161 161
si2-b03-m800.03 1 3 800 161 161 161
si2-b03-m800.01 1 3 800 161 161 161
si2-b03-m800.06 1 3 800 161 161 161
si4-b03m-m200.05 1 4 200 81 81 81
si4-b03m-m200.02 1 4 200 81 81 81
si4-b03m-m200.04 1 4 200 81 81 81
si4-b03m-m200.07 1 4 200 81 81 81
si4-b03m-m200.00 1 4 200 81 81 81
si4-b03m-m200.06 1 4 200 81 81 81
si4-b03m-m200.03 1 4 200 81 81 81
si4-b03m-m200.09 1 4 200 81 81 81
si4-b03m-m200.08 1 4 200 81 81 81
si4-b03m-m200.01 1 4 200 81 81 81
si2-b06m-m200.04 1 4 200 41 41 41
si2-b06m-m200.03 1 4 200 41 41 41
si2-b06m-m200.08 1 4 200 41 41 41
si2-b06m-m200.06 1 4 200 41 41 41
si2-b06m-m200.05 1 4 200 41 41 41
si2-b06m-m200.02 1 4 200 41 41 41
si2-b06m-m200.00 1 4 200 41 41 41
si2-b06m-m200.01 1 4 200 41 41 41
si2-b06m-m200.09 1 4 200 41 41 47
si2-b06m-m200.07 1 4 200 41 41 43
si6-m4Dr4-m625.05 1 6 625 376 376 376
si6-m4Dr4-m625.09 1 6 625 376 376 376
si6-m4Dr4-m625.04 1 6 625 376 376 376
si6-m4Dr4-m625.00 1 6 625 376 376 376
si6-m4Dr4-m625.08 1 6 625 376 376 376
si6-m4Dr4-m625.06 1 6 625 376 376 376
si6-m4Dr4-m625.01 1 6 625 376 376 376
si6-m4Dr4-m625.03 1 6 625 376 376 376
si6-m4Dr4-m625.07 1 6 625 376 376 376
si6-m4Dr4-m625.02 1 6 625 376 376 376
si4-b03-m200.06 1 3 200 81 81 81
si4-b03-m200.02 1 3 200 81 81 81
si4-b03-m200.07 1 3 200 81 81 81
si4-b03-m200.04 1 3 200 81 81 81
si4-b03-m200.03 1 3 200 81 81 81
si4-b03-m200.05 1 3 200 81 81 81
si4-b03-m200.09 1 3 200 81 81 81
si4-b03-m200.01 1 3 200 81 81 81
si4-b03-m200.00 1 3 200 81 81 81
si4-b03-m200.08 1 3 200 81 81 81
si2-b03-m400.03 1 3 400 81 81 81
si2-b03-m400.06 1 3 400 81 81 81
si2-b03-m400.07 1 3 400 81 81 81
si2-b03-m400.01 1 3 400 81 81 81
si2-b03-m400.05 1 3 400 81 81 81
si2-b03-m400.09 1 3 400 81 81 81
si2-b03-m400.02 1 3 400 81 81 81
si2-b03-m400.00 1 3 400 81 81 81
si2-b03-m400.08 1 3 400 81 81 81
si2-b03-m400.04 1 3 400 81 81 81
si4-b09-m200.02 1 3 200 81 81 81
si4-b09-m200.01 1 3 200 81 81 81
si4-b09-m200.00 1 3 200 81 81 81
si4-b09-m200.09 1 3 200 81 81 81
si4-b09-m200.08 1 3 200 81 81 81
si4-b09-m200.04 1 3 200 81 81 81
si4-b09-m200.06 1 3 200 81 81 81
si4-b09-m200.05 1 3 200 81 81 81
si4-b09-m200.07 1 3 200 81 81 81
si4-b09-m200.03 1 3 200 81 81 81
si4-m4Dr4-m256.05 1 6 256 103 103 103
si4-m4Dr4-m256.09 1 6 256 103 103 103
si4-m4Dr4-m256.01 1 6 256 103 103 103
si4-m4Dr4-m256.03 1 6 256 104 104 104
si4-m4Dr4-m256.06 1 6 256 103 103 104
si4-m4Dr4-m256.07 1 6 256 103 103 103
si4-m4Dr4-m256.00 1 6 256 103 103 109
si4-m4Dr4-m256.02 1 6 256 103 103 103
si4-m4Dr4-m256.08 1 6 256 103 103 103
si4-m4Dr4-m256.04 1 6 256 106 105 106
si2-m4D-m625.01 1 5 625 995 976 1462
si2-m4D-m625.00 1 5 625 130 134 136
si2-m4D-m625.08 1 5 625 134 142 130
si2-m4D-m625.04 1 5 625 164 159 215
si2-m4D-m625.09 1 5 625 15016 15560 15671
si2-m4D-m625.02 1 5 625 126 126 128
si2-m4D-m625.05 1 5 625 6284 6010 8204
si2-m4D-m625.06 1 5 625 5058 5485 4968
si2-m4D-m625.07 1 5 625 426 412 582
si2-m4D-m625.03 1 5 625 314 312 712
si4-b09-m800.03 1 3 800 321 321 321
si4-b09-m800.02 1 3 800 321 321 321
si4-b09-m800.09 1 3 800 321 321 321
si4-b09-m800.06 1 3 800 321 321 321
si4-b09-m800.04 1 3 800 321 321 321
si4-b09-m800.05 1 3 800 321 321 321
si4-b09-m800.00 1 3 800 321 321 321
si4-b09-m800.01 1 3 800 321 321 321
si4-b09-m800.07 1 3 800 321 321 321
si4-b09-m800.08 1 3 800 321 321 321
si2-m4Dr4-m256.05 1 6 256 52 52 53
si2-m4Dr4-m256.02 1 6 256 52 52 52
si2-m4Dr4-m256.00 1 6 256 56 56 57
si2-m4Dr4-m256.07 1 6 256 54 54 58
si2-m4Dr4-m256.03 1 6 256 52 52 52
si2-m4Dr4-m256.06 1 6 256 52 52 52
si2-m4Dr4-m256.04 1 6 256 58 58 74
si2-m4Dr4-m256.09 1 6 256 52 52 52
si2-m4Dr4-m256.01 1 6 256 52 52 52
si2-m4Dr4-m256.08 1 6 256 116 103 229
si6-m4Dr2-m256.04 1 6 256 154 154 154
si6-m4Dr2-m256.08 1 6 256 154 154 154
si6-m4Dr2-m256.00 1 6 256 154 154 154
si6-m4Dr2-m256.07 1 6 256 154 154 154
si6-m4Dr2-m256.01 1 6 256 154 154 154
si6-m4Dr2-m256.09 1 6 256 154 154 154
si6-m4Dr2-m256.03 1 6 256 154 154 154
si6-m4Dr2-m256.05 1 6 256 154 154 154
si6-m4Dr2-m256.02 1 6 256 154 154 154
si6-m4Dr2-m256.06 1 6 256 154 154 154
si6-b06-m800.00 1 3 800 481 481 481
si6-b06-m800.05 1 3 800 481 481 481
si6-b06-m800.02 1 3 800 481 481 481
si6-b06-m800.07 1 3 800 481 481 481
si6-b06-m800.08 1 3 800 481 481 481
si6-b06-m800.09 1 3 800 481 481 481
si6-b06-m800.06 1 3 800 481 481 481
si6-b06-m800.01 1 3 800 481 481 481
si6-b06-m800.04 1 3 800 481 481 481
si6-b06-m800.03 1 3 800 481 481 481
si4-b09m-m800.06 1 4 800 321 321 321
si4-b09m-m800.01 1 4 800 321 321 322
si4-b09m-m800.02 1 4 800 321 321 321
si4-b09m-m800.08 1 4 800 321 321 321
si4-b09m-m800.04 1 4 800 321 321 321
si4-b09m-m800.03 1 4 800 321 321 322
si4-b09m-m800.09 1 4 800 321 321 321
si4-b09m-m800.05 1 4 800 321 321 321
si4-b09m-m800.00 1 4 800 321 321 321
si4-b09m-m800.07 1 4 800 321 321 330
si2-b06-m800.04 1 3 800 161 161 161
si2-b06-m800.07 1 3 800 161 161 161
si2-b06-m800.02 1 3 800 161 161 161
si2-b06-m800.00 1 3 800 161 161 161
si2-b06-m800.03 1 3 800 161 161 161
si2-b06-m800.05 1 3 800 161 161 161
si2-b06-m800.09 1 3 800 161 161 161
si2-b06-m800.01 1 3 800 161 161 161
si2-b06-m800.08 1 3 800 161 161 161
si2-b06-m800.06 1 3 800 161 161 161
si6-m4D-m256.03 1 5 256 154 154 154
si6-m4D-m256.08 1 5 256 154 154 154
si6-m4D-m256.07 1 5 256 154 154 154
si6-m4D-m256.00 1 5 256 154 154 154
si6-m4D-m256.01 1 5 256 154 154 154
si6-m4D-m256.05 1 5 256 154 154 154
si6-m4D-m256.09 1 5 256 227 213 278
si6-m4D-m256.04 1 5 256 154 154 154
si6-m4D-m256.02 1 5 256 154 154 154
si6-m4D-m256.06 1 5 256 154 154 154
si2-b06m-m800.07 1 4 800 161 161 161
si2-b06m-m800.02 1 4 800 161 161 161
si2-b06m-m800.03 1 4 800 161 161 161
si2-b06m-m800.01 1 4 800 161 161 161
si2-b06m-m800.08 1 4 800 161 161 161
si2-b06m-m800.04 1 4 800 161 161 161
si2-b06m-m800.06 1 4 800 161 161 161
si2-b06m-m800.09 1 4 800 161 161 161
si2-b06m-m800.05 1 4 800 161 161 161
si2-b06m-m800.00 1 4 800 161 161 161
si4-b06m-m200.00 1 4 200 81 81 81
si4-b06m-m200.08 1 4 200 81 81 81
si4-b06m-m200.05 1 4 200 81 81 81
si4-b06m-m200.09 1 4 200 81 81 81
si4-b06m-m200.01 1 4 200 81 81 81
si4-b06m-m200.07 1 4 200 81 81 81
si4-b06m-m200.02 1 4 200 81 81 81
si4-b06m-m200.04 1 4 200 81 81 81
si4-b06m-m200.06 1 4 200 81 81 81
si4-b06m-m200.03 1 4 200 81 81 81
si6-r001-m400.09 1 7 400 243 243 247
si6-r001-m400.05 1 7 400 241 241 242
si6-r001-m400.00 1 7 400 243 243 243
si6-r001-m400.04 1 7 400 243 243 246
si6-r001-m400.07 1 7 400 241 241 241
si6-r001-m400.06 1 7 400 248 245 254
si6-r001-m400.02 1 7 400 242 242 242
si6-r001-m400.03 1 7 400 241 241 247
si6-r001-m400.08 1 7 400 338 334 363
si6-r001-m400.01 1 7 400 247 245 253
si6-m4D-m625.00 1 5 625 376 376 376
si6-m4D-m625.07 1 5 625 1378 1325 4706
si6-m4D-m625.05 1 5 625 419 417 740
si6-m4D-m625.08 1 5 625 376 376 376
si6-m4D-m625.02 1 5 625 376 376 376
si6-m4D-m625.03 1 5 625 48199 46402 90765
si6-m4D-m625.04 1 5 625 376 376 376
si6-m4D-m625.09 1 5 625 775 791 900
si6-m4D-m625.01 1 5 625 376 376 376
si6-m4D-m625.06 1 5 625 430 415 546
si6-b09m-m800.02 1 4 800 481 481 481
si6-b09m-m800.09 1 4 800 481 481 481
si6-b09m-m800.04 1 4 800 481 481 481
si6-b09m-m800.07 1 4 800 481 481 481
si6-b09m-m800.00 1 4 800 481 481 481
si6-b09m-m800.05 1 4 800 481 481 481
si6-b09m-m800.03 1 4 800 481 481 481
si6-b09m-m800.01 1 4 800 481 481 481
si6-b09m-m800.06 1 4 800 481 481 482
si6-b09m-m800.08 1 4 800 481 481 481
si4-m4Dr6-m1296.01 1 6 1296 519 519 519
si4-m4Dr6-m1296.07 1 6 1296 519 519 519
si4-m4Dr6-m1296.06 1 6 1296 519 519 519
si4-m4Dr6-m1296.02 1 6 1296 519 519 519
si4-m4Dr6-m1296.08 1 6 1296 519 519 519
si4-m4Dr6-m1296.03 1 6 1296 519 519 519
si4-m4Dr6-m1296.00 1 6 1296 522 522 523
si4-m4Dr6-m1296.09 1 6 1296 519 519 519
si4-m4Dr6-m1296.05 1 6 1296 519 519 519
si4-m4Dr6-m1296.04 1 6 1296 519 519 519
si2-b06-m400.09 1 3 400 81 81 81
si2-b06-m400.02 1 3 400 81 81 81
si2-b06-m400.00 1 3 400 81 81 81
si2-b06-m400.03 1 3 400 81 81 81
si2-b06-m400.07 1 3 400 81 81 81
si2-b06-m400.04 1 3 400 81 81 81
si2-b06-m400.05 1 3 400 81 81 81
si2-b06-m400.01 1 3 400 81 81 81
si2-b06-m400.08 1 3 400 81 81 81
si2-b06-m400.06 1 3 400 81 81 81
si4-r01-m200.01 1 7 200 24295 22825 41387
si4-r01-m200.08 1 7 200 972770 926648 1193330
si4-r01-m200.03 1 7 200 73354 70271 111423
si4-r01-m200.04 1 7 200 54337 52301 115605
si4-r01-m200.07 1 7 200 73283 64046 126423
si4-r01-m200.02 1 7 200 151193 147078 271826
si4-r01-m200.05 1 7 200 41550 40766 60637
si4-r01-m200.06 1 7 200 22703 21593 90836
si4-r01-m200.00 1 7 200 242339 233517 443104
si4-r01-m200.09 1 7 200 70011 67648 121892
si2-r001-m400.06 1 7 400 5162 5933 5691
si2-r001-m400.08 1 7 400 203 201 222
si2-r001-m400.09 1 7 400 1268983 1324033 1509658
si2-r001-m400.01 1 7 400 387 383 487
si2-r001-m400.03 1 7 400 1379 1334 1695
si2-r001-m400.04 1 7 400 945370 944990 996910
si2-r001-m400.05 1 7 400 7804 7772 9454
si2-r001-m400.02 1 7 400 430 427 473
si2-r001-m400.00 1 7 400 869 861 941
si2-r001-m400.07 1 7 400 1804 1762 2089
si4-b03m-m800.03 1 4 800 321 321 321
si4-b03m-m800.05 1 4 800 321 321 321
si4-b03m-m800.06 1 4 800 321 321 321
si4-b03m-m800.01 1 4 800 321 321 321
si4-b03m-m800.08 1 4 800 321 321 321
si4-b03m-m800.09 1 4 800 321 321 321
si4-b03m-m800.00 1 4 800 321 321 321
si4-b03m-m800.02 1 4 800 321 321 321
si4-b03m-m800.07 1 4 800 321 321 321
si4-b03m-m800.04 1 4 800 321 321 321
si2-r01-m200.03 1 7 200 38221779 38117627 41516333
si2-r01-m200.00 1 7 200 394046 393939 437198
si2-r01-m200.05 1 7 200 154038 153512 214749
si2-r01-m200.01 1 7 200 1172938 1169984 1385908
si2-r01-m200.08 1 7 200 169 167 221
si2-r01-m200.06 1 7 200 6325052 6280730 7814152
si2-r01-m200.09 1 7 200 4966231 4959408 5504970
si2-r01-m200.02 1 7 200 326872 325060 361735
si2-r01-m200.07 1 7 200 797190 794970 883488
si2-r01-m200.04 1 7 200 72758 72607 80339
si2-r01-m400.04 1 7 400 1386010 1377553 1885531
si2-r01-m400.00 1 7 400 3893542 3859845 4582982
si2-r01-m400.07 1 7 400 55199521 55033535 60052118
si2-r01-m400.09 1 7 400 9255453 9224063 10564142
si2-r01-m400.01 1 7 400 4480850 4463924 4815153
si2-r01-m400.03 1 7 400 134700 134291 201731
si2-r01-m400.02 1 7 400 5471091 5434824 6160976
si2-r01-m400.05 1 7 400 13662016 13622748 15500019
si2-r01-m400.06 1 7 400 4016886 3967811 4623453
si2-r01-m400.08 1 7 400 1143198 1137404 1396501
si4-m4D-m625.09 1 5 625 251 251 251
si4-m4D-m625.03 1 5 625 251 251 251
si4-m4D-m625.07 1 5 625 680 619 688
si4-m4D-m625.02 1 5 625 7727 8786 8906
si4-m4D-m625.00 1 5 625 251 251 251
si4-m4D-m625.01 1 5 625 2699 2464 9311
si4-m4D-m625.04 1 5 625 251 251 251
si4-m4D-m625.06 1 5 625 251 251 251
si4-m4D-m625.08 1 5 625 225 216 508
si4-m4D-m625.05 1 5 625 251 251 251
si6-m4Dr6-m256.05 1 6 256 154 154 154
si6-m4Dr6-m256.04 1 6 256 154 154 154
si6-m4Dr6-m256.03 1 6 256 154 154 154
si6-m4Dr6-m256.02 1 6 256 154 154 154
si6-m4Dr6-m256.08 1 6 256 154 154 154
si6-m4Dr6-m256.00 1 6 256 154 154 154
si6-m4Dr6-m256.09 1 6 256 154 154 154
si6-m4Dr6-m256.07 1 6 256 154 154 154
si6-m4Dr6-m256.06 1 6 256 154 154 154
si6-m4Dr6-m256.01 1 6 256 154 154 154
si6-b09-m400.07 1 3 400 241 241 241
si6-b09-m400.03 1 3 400 241 241 241
si6-b09-m400.04 1 3 400 241 241 241
si6-b09-m400.06 1 3 400 241 241 241
si6-b09-m400.05 1 3 400 241 241 241
si6-b09-m400.09 1 3 400 241 241 241
si6-b09-m400.02 1 3 400 241 241 241
si6-b09-m400.01 1 3 400 241 241 241
si6-b09-m400.08 1 3 400 241 241 241
si6-b09-m400.00 1 3 400 241 241 241
si6-b06-m400.03 1 3 400 241 241 241
si6-b06-m400.08 1 3 400 241 241 241
si6-b06-m400.07 1 3 400 241 241 241
si6-b06-m400.04 1 3 400 241 241 241
si6-b06-m400.05 1 3 400 241 241 241
si6-b06-m400.06 1 3 400 241 241 241
si6-b06-m400.02 1 3 400 241 241 241
si6-b06-m400.01 1 3 400 241 241 241
si6-b06-m400.00 1 3 400 241 241 241
si6-b06-m400.09 1 3 400 241 241 241
si6-b03m-m200.04 1 4 200 121 121 121
si6-b03m-m200.07 1 4 200 121 121 121
si6-b03m-m200.08 1 4 200 121 121 121
si6-b03m-m200.02 1 4 200 121 121 121
si6-b03m-m200.03 1 4 200 121 121 121
si6-b03m-m200.06 1 4 200 121 121 121
si6-b03m-m200.01 1 4 200 121 121 121
si6-b03m-m200.09 1 4 200 121 121 121
si6-b03m-m200.00 1 4 200 121 121 121
si6-b03m-m200.05 1 4 200 121 121 121
si4-b06-m800.04 1 3 800 321 321 321
si4-b06-m800.00 1 3 800 321 321 321
si4-b06-m800.08 1 3 800 321 321 321
si4-b06-m800.05 1 3 800 321 321 321
si4-b06-m800.03 1 3 800 321 321 321
si4-b06-m800.06 1 3 800 321 321 321
si4-b06-m800.07 1 3 800 321 321 321
si4-b06-m800.01 1 3 800 321 321 321
si4-b06-m800.02 1 3 800 321 321 321
si4-b06-m800.09 1 3 800 321 321 321
si6-b09m-m200.07 1 4 200 121 121 121
si6-b09m-m200.06 1 4 200 121 121 121
si6-b09m-m200.01 1 4 200 121 121 121
si6-b09m-m200.08 1 4 200 121 121 121
si6-b09m-m200.00 1 4 200 121 121 121
si6-b09m-m200.09 1 4 200 121 121 121
si6-b09m-m200.02 1 4 200 121 121 121
si6-b09m-m200.05 1 4 200 121 121 122
si6-b09m-m200.03 1 4 200 121 121 121
si6-b09m-m200.04 1 4 200 121 121 121
si4-b09m-m400.07 1 4 400 161 161 161
si4-b09m-m400.06 1 4 400 161 161 161
si4-b09m-m400.00 1 4 400 161 161 161
si4-b09m-m400.08 1 4 400 161 161 161
si4-b09m-m400.04 1 4 400 161 161 161
si4-b09m-m400.09 1 4 400 161 161 161
si4-b09m-m400.02 1 4 400 161 161 161
si4-b09m-m400.03 1 4 400 161 161 161
si4-b09m-m400.01 1 4 400 161 161 168
si4-b09m-m400.05 1 4 400 161 161 161
si6-m4Dr4-m1296.03 1 6 1296 778 778 778
si6-m4Dr4-m1296.06 1 6 1296 778 778 778
si6-m4Dr4-m1296.04 1 6 1296 778 778 778
si6-m4Dr4-m1296.01 1 6 1296 778 778 778
si6-m4Dr4-m1296.09 1 6 1296 778 778 778
si6-m4Dr4-m1296.02 1 6 1296 778 778 778
si6-m4Dr4-m1296.08 1 6 1296 778 778 778
si6-m4Dr4-m1296.05 1 6 1296 778 778 778
si6-m4Dr4-m1296.07 1 6 1296 778 778 778
si6-m4Dr4-m1296.00 1 6 1296 778 778 778
si6-b06-m200.09 1 3 200 121 121 121
si6-b06-m200.03 1 3 200 121 121 121
si6-b06-m200.05 1 3 200 121 121 121
si6-b06-m200.00 1 3 200 121 121 121
si6-b06-m200.08 1 3 200 121 121 121
si6-b06-m200.02 1 3 200 121 121 121
si6-b06-m200.06 1 3 200 121 121 121
si6-b06-m200.04 1 3 200 121 121 121
si6-b06-m200.01 1 3 200 121 121 121
si6-b06-m200.07 1 3 200 121 121 121
si4-m4Dr6-m625.02 1 6 625 251 251 251
si4-m4Dr6-m625.06 1 6 625 251 251 251
si4-m4Dr6-m625.03 1 6 625 251 251 251
si4-m4Dr6-m625.07 1 6 625 253 251 254
si4-m4Dr6-m625.08 1 6 625 251 251 251
si4-m4Dr6-m625.09 1 6 625 251 251 251
si4-m4Dr6-m625.00 1 6 625 251 251 251
si4-m4Dr6-m625.01 1 6 625 251 251 251
si4-m4Dr6-m625.05 1 6 625 251 251 251
si4-m4Dr6-m625.04 1 6 625 251 251 251
si6-b06m-m200.09 1 4 200 121 121 121
si6-b06m-m200.02 1 4 200 121 121 121
si6-b06m-m200.05 1 4 200 121 121 121
si6-b06m-m200.00 1 4 200 121 121 121
si6-b06m-m200.07 1 4 200 121 121 121
si6-b06m-m200.04 1 4 200 121 121 121
si6-b06m-m200.08 1 4 200 121 121 125
si6-b06m-m200.06 1 4 200 121 121 121
si6-b06m-m200.03 1 4 200 121 121 121
si6-b06m-m200.01 1 4 200 121 121 121
si6-m4Dr4-m256.05 1 6 256 154 154 154
si6-m4Dr4-m256.03 1 6 256 154 154 154
si6-m4Dr4-m256.02 1 6 256 154 154 154
si6-m4Dr4-m256.01 1 6 256 154 154 154
si6-m4Dr4-m256.08 1 6 256 154 154 154
si6-m4Dr4-m256.09 1 6 256 154 154 154
si6-m4Dr4-m256.07 1 6 256 154 154 154
si6-m4Dr4-m256.06 1 6 256 154 154 154
si6-m4Dr4-m256.04 1 6 256 154 154 154
si6-m4Dr4-m256.00 1 6 256 154 154 154
si4-r001-m600.01 1 7 600 314 309 359
si4-r001-m600.08 1 7 600 841 822 1111
si4-r001-m600.02 1 7 600 628 613 800
si4-r001-m600.07 1 7 600 248 248 250
si4-r001-m600.05 1 7 600 285 285 319
si4-r001-m600.06 1 7 600 554 548 781
si4-r001-m600.00 1 7 600 271 266 318
si4-r001-m600.04 1 7 600 257 255 273
si4-r001-m600.09 1 7 600 264 259 288
si4-r001-m600.03 1 7 600 461 458 559
si2-b09m-m200.08 1 4 200 41 41 41
si2-b09m-m200.06 1 4 200 41 41 41
si2-b09m-m200.03 1 4 200 41 41 41
si2-b09m-m200.09 1 4 200 42 42 42
si2-b09m-m200.04 1 4 200 41 41 41
si2-b09m-m200.00 1 4 200 41 41 42
si2-b09m-m200.01 1 4 200 41 41 41
si2-b09m-m200.05 1 4 200 41 41 41
si2-b09m-m200.07 1 4 200 41 41 41
si2-b09m-m200.02 1 4 200 41 41 44
si6-b03-m200.01 1 3 200 121 121 121
si6-b03-m200.03 1 3 200 121 121 121
si6-b03-m200.04 1 3 200 121 121 121
si6-b03-m200.08 1 3 200 121 121 121
si6-b03-m200.07 1 3 200 121 121 121
si6-b03-m200.09 1 3 200 121 121 121
si6-b03-m200.05 1 3 200 121 121 121
si6-b03-m200.02 1 3 200 121 121 121
si6-b03-m200.06 1 3 200 121 121 121
si6-b03-m200.00 1 3 200 121 121 121
si6-b09-m200.09 1 3 200 121 121 121
si6-b09-m200.06 1 3 200 121 121 121
si6-b09-m200.08 1 3 200 121 121 121
si6-b09-m200.03 1 3 200 121 121 121
si6-b09-m200.00 1 3 200 121 121 121
si6-b09-m200.02 1 3 200 121 121 121
si6-b09-m200.07 1 3 200 121 121 121
si6-b09-m200.04 1 3 200 121 121 121
si6-b09-m200.01 1 3 200 121 121 121
si6-b09-m200.05 1 3 200 121 121 121
g10-g11 0 2 42 0 0 0
g10-g12 0 2 48 0 0 0
g10-g13 0 2 49 0 0 0
g10-g14 0 2 50 0 0 0
g10-g15 0 2 50 0 0 0
g10-g16 0 2 53 3476 2557 27233
g10-g20 1 2 64 42 42 42
g10-g21 1 2 64 42 42 42
g10-g22 0 2 67 3 2 61100
g10-g23 0 2 73 110400271 103081551 726429913
g10-g25 0 2 75 0 0 0
g10-g26 0 2 80 379830091 355619481 3955980692
g10-g27 1 2 86 2127295083 2069722651 4452621085
g10-g28 0 2 97 0 0 0
g10-g29 1 2 100 97 97 98
g10-g30 1 2 100 62 62 63
g10-g31 1 2 100 54 54 55
g10-g32 1 2 100 42 42 42
g10-g33 0 2 101 15 9 40
g10-g37 0 2 120 5577421 4398897 12048598
g10-g38 0 2 121 0 0 0
g10-g40 1 2 121 42 42 42
g10-g41 0 2 128 4 3 9
g10-g42 0 2 128 2153 1155 278023
g10-g43 1 2 128 192552 195248 237273
g10-g44 1 2 128 517 517 527
g10-g45 1 2 128 125 125 124
g10-g46 1 2 128 1874351 1873456 1953221
g10-g47 1 2 128 1823699 1822906 1898828
g10-g48 1 2 128 85667 85662 88076
g10-g49 1 2 128 128365 123209 183230
g10-g50 1 2 128 42 42 42
g11-g12 0 2 48 0 0 0
g11-g13 0 2 49 0 0 0
g11-g14 0 2 50 0 0 0
g11-g15 0 2 50 0 0 0
g11-g16 0 2 53 0 0 0
g11-g20 1 2 64 98771 98394 109094
g11-g21 1 2 64 43 43 43
g11-g22 0 2 67 0 0 0
g11-g23 0 2 73 17 17 6125162
g11-g25 0 2 75 0 0 0
g11-g26 0 2 80 1 1 1
g11-g27 0 2 86 15623755 11110169 530510280
g11-g28 0 2 97 0 0 0
g11-g29 0 2 100 1015197 992972 1485549
g11-g30 0 2 100 909528 888587 1342622
g11-g31 0 2 100 6924149 6846137 8832842
g11-g32 1 2 100 43 43 43
g11-g33 0 2 101 0 0 0
g11-g37 0 2 120 12 11 471682
g11-g38 0 2 121 0 0 0
g11-g40 1 2 121 43 43 43
g11-g41 0 2 128 0 0 0
g11-g42 0 2 128 1 1 16474
g11-g43 1 2 128 1000000000 1000000000 1000000000
g11-g44 0 2 128 4787187 4702414 6393171
g11-g45 0 2 128 4612780 4528748 6173909
g11-g46 0 2 128 15610 14576 40501
g11-g47 0 2 128 15339 14361 39758
g11-g48 0 2 128 42216 40776 87754
g11-g49 0 2 128 1439397615 635343859 1000000000
g11-g50 1 2 128 43 43 43
g12-g20 0 2 64 353 353 5505697
g12-g21 1 2 64 46 46 46
g12-g23 0 2 73 0 0 0
g12-g26 0 2 80 0 0 0
g12-g27 0 2 86 0 0 0
g12-g29 0 2 100 117 117 40037
g12-g30 0 2 100 106 105 34659
g12-g31 0 2 100 461 458 211639
g12-g32 1 2 100 46 46 46
g12-g38 0 2 121 0 0 0
g12-g40 1 2 121 13782 5837 801940
g12-g43 0 2 128 18 18 1000000000
g12-g44 0 2 128 239 232 121568
g12-g45 0 2 128 230 224 118163
g12-g46 0 2 128 2 2 108
g12-g47 0 2 128 2 2 108
g12-g48 0 2 128 7 7 1132
g12-g50 1 2 128 46 46 46
g13-g15 1 2 50 41 41 138
g13-g20 0 2 64 15169 11641 1306113
g13-g21 1 2 64 40 40 40
g13-g23 0 2 73 0 0 0
g13-g25 0 2 75 0 0 0
g13-g26 0 2 80 0 0 0
g13-g27 0 2 86 38787 26032 2406366
g13-g29 0 2 100 65 65 1781
g13-g30 0 2 100 69 64 1585
g13-g31 0 2 100 289 269 4229
g13-g32 1 2 100 40 40 40
g13-g38 0 2 121 0 0 0
g13-g40 1 2 121 40 40 40
g13-g43 1 2 128 1169334976 881237538 100834851142
g13-g44 0 2 128 316 291 3358
g13-g45 0 2 128 331 294 3217
g13-g46 0 2 128 1 1 66
g13-g47 0 2 128 1 1 63
g13-g48 0 2 128 3 3 235
g13-g49 0 2 128 626 392 96178653
g13-g50 1 2 128 40 40 40
g14-g15 0 2 50 0 0 0
g14-g20 0 2 64 172492 176929 1306113
g14-g21 1 2 64 44 44 44
g14-g23 0 2 73 24 22 16118
g14-g25 0 2 75 0 0 0
g14-g26 0 2 80 9 5 827
g14-g27 1 2 86 13039 7973 1457982
g14-g29 0 2 100 74 74 3037
g14-g30 0 2 100 73 73 2867
g14-g31 0 2 100 132 130 5344
g14-g32 1 2 100 44 44 44
g14-g38 0 2 121 0 0 0
g14-g40 1 2 121 44 44 44
g14-g43 1 2 128 1782 1782 25313
g14-g44 0 2 128 158 151 4433
g14-g45 0 2 128 172 167 4191
g14-g46 0 2 128 1 1 225
g14-g47 0 2 128 1 1 241
g14-g48 0 2 128 8 8 524
g14-g49 1 2 128 278923 20795 1000000000
g14-g50 1 2 128 44 44 44
g15-g20 0 2 64 65 65 1306113
g15-g21 1 2 64 42 42 42
g15-g23 0 2 73 0 0 0
g15-g25 0 2 75 0 0 0
g15-g26 0 2 80 0 0 0
g15-g27 0 2 86 712 554 335251
g15-g29 0 2 100 19 19 667
g15-g30 0 2 100 24 23 621
g15-g31 0 2 100 61 61 3019
g15-g32 1 2 100 42 42 42
g15-g38 0 2 121 0 0 0
g15-g40 1 2 121 42 42 62
g15-g43 1 2 128 335117373 18661802 1000000000
g15-g44 0 2 128 34 34 2381
g15-g45 0 2 128 22 22 2321
g15-g46 0 2 128 1 1 2
g15-g47 0 2 128 1 1 2
g15-g48 0 2 128 3 3 92
g15-g49 0 2 128 174 32 516413
g15-g50 1 2 128 42 42 42
g16-g20 0 2 64 129542138 124022555 199582998
g16-g21 1 2 64 54 54 54
g16-g22 0 2 67 0 0 0
g16-g23 0 2 73 0 0 0
g16-g25 0 2 75 0 0 0
g16-g26 0 2 80 0 0 0
g16-g27 0 2 86 3393201 2360420 208888392
g16-g28 0 2 97 0 0 0
g16-g29 0 2 100 5558 5227 10462
g16-g30 0 2 100 5329 4987 10155
g16-g31 0 2 100 14844 13976 24606
g16-g32 1 2 100 54 54 54
g16-g33 0 2 101 0 0 0
g16-g37 1 2 120 54 54 54
g16-g38 0 2 121 0 0 0
g16-g40 1 2 121 54 54 54
g16-g43 -1 2 128 1000000000 1000000000 1000000000
g16-g44 0 2 128 15276 14654 26690
g16-g45 0 2 128 15908 15306 27443
g16-g46 0 2 128 56 53 626
g16-g47 0 2 128 58 57 676
g16-g48 0 2 128 265 258 1304
g16-g49 0 2 128 6115002 1921725 4532676901
g16-g50 1 2 128 54 54 54
g17-g18 1 2 64 65 65 65
g17-g19 0 2 64 1537 249 2521
g17-g20 1 2 64 98 98 98
g17-g21 1 2 64 65 65 65
g17-g22 0 2 67 0 0 0
g17-g23 0 2 73 0 0 0
g17-g24 0 2 75 0 0 0
g17-g25 0 2 75 0 0 0
g17-g26 0 2 80 0 0 0
g17-g27 -1 2 86 1000000000 1000000000 1000000000
g17-g28 0 2 97 0 0 0
g17-g29 1 2 100 65 65 65
g17-g30 1 2 100 67 67 67
g17-g31 1 2 100 79 79 79
g17-g32 1 2 100 65 65 65
g17-g33 0 2 101 9766 9062 20322
g17-g34 0 2 120 0 0 0
g17-g35 0 2 120 75 74 20083
g17-g36 0 2 120 1 1 54
g17-g37 1 2 120 2100378 2012814 2984679
g17-g38 0 2 121 0 0 0
g17-g39 1 2 121 223 205 492
g17-g40 1 2 121 65 65 65
g17-g41 0 2 128 12000 11226 22872
g17-g42 0 2 128 825520 727509 11248705
g17-g43 1 2 128 1000000000 1000000000 1000000000
g17-g44 1 2 128 251 251 260
g17-g45 1 2 128 3234 3234 3318
g17-g46 1 2 128 307 307 316
g17-g47 1 2 128 298 298 305
g17-g48 1 2 128 353 353 359
g17-g49 1 2 128 434 418 599
g17-g50 1 2 128 65 65 65
g18-g19 0 2 64 0 0 0
g18-g20 1 2 64 3344950 3279904 4012032
g18-g21 1 2 64 65 65 65
g18-g22 0 2 67 0 0 0
g18-g23 0 2 73 0 0 0
g18-g24 0 2 75 0 0 0
g18-g25 0 2 75 0 0 0
g18-g26 0 2 80 0 0 0
g18-g27 0 2 86 0 0 0
g18-g28 0 2 97 0 0 0
g18-g29 1 2 100 40137 40153 41003
g18-g30 1 2 100 10551 10551 11171
g18-g31 1 2 100 12024 12024 12270
g18-g32 1 2 100 65 65 65
g18-g33 0 2 101 6247 5490 19601
g18-g34 0 2 120 0 0 0
g18-g35 0 2 120 0 0 0
g18-g36 0 2 120 0 0 0
g18-g37 0 2 120 13038244 12274859 34976168
g18-g38 0 2 121 0 0 0
g18-g39 0 2 121 0 0 0
g18-g40 1 2 121 65 65 65
g18-g41 0 2 128 5264 4670 19010
g18-g42 0 2 128 46309 33315 8754286
g18-g43 -1 2 128 1000000000 1000000000 1000000000
g18-g44 1 2 128 1523456796 1523367441 1580523202
g18-g45 1 2 128 1000000000 1000000000 1000000000
g18-g46 -1 2 128 1000000000 1000000000 1000000000
g18-g47 -1 2 128 1000000000 1000000000 1000000000
g18-g48 1 2 128 1000000000 1000000000 61382981510
g18-g49 -1 2 128 1000000000 1000000000 1000000000
g18-g50 1 2 128 106 106 106
g19-g20 1 2 64 1000000000 1000000000 1000000000
g19-g21 1 2 64 65 65 65
g19-g22 0 2 67 0 0 0
g19-g23 0 2 73 0 0 0
g19-g25 0 2 75 0 0 0
g19-g26 0 2 80 0 0 0
g19-g27 0 2 86 50141612 34047978 3348778283
g19-g28 0 2 97 0 0 0
g19-g29 0 2 100 3248491970 1000000000 3503385217
g19-g30 0 2 100 2531239730 1000000000 2737213122
g19-g31 -1 2 100 1000000000 1000000000 1000000000
g19-g32 1 2 100 65 65 65
g19-g33 0 2 101 0 0 0
g19-g35 0 2 120 0 0 0
g19-g37 0 2 120 287 144 533402
g19-g38 0 2 121 0 0 0
g19-g40 1 2 121 65 65 65
g19-g41 0 2 128 0 0 0
g19-g42 0 2 128 0 0 0
g19-g43 0 2 128 404100714 52192878 1000000000
g19-g44 0 2 128 1000000000 1000000000 32566010241
g19-g45 0 2 128 1000000000 1000000000 29194431718
g19-g46 0 2 128 1789706 1758056 2331247
g19-g47 0 2 128 1750412 1719554 2280735
g19-g48 0 2 128 7612771 7541239 9476396
g19-g49 0 2 128 4520667 1476273 1000000000
g19-g50 1 2 128 65 65 68
g2-g10 1 2 41 11 11 11
g2-g11 1 2 42 11 11 11
g2-g12 1 2 48 11 11 11
g2-g13 1 2 49 11 11 11
g2-g14 1 2 50 23 23 23
g2-g15 1 2 50 13 13 13
g2-g16 1 2 53 11 11 11
g2-g17 1 2 64 11 11 11
g2-g18 1 2 64 11 11 11
g2-g19 1 2 64 11 11 11
g2-g20 1 2 64 11 11 11
g2-g21 1 2 64 11 11 11
g2-g22 1 2 67 11 11 11
g2-g23 1 2 73 11 11 11
g2-g24 0 2 75 8 8 9896
g2-g25 1 2 75 13 13 14
g2-g26 1 2 80 11 11 11
g2-g27 1 2 86 11 11 11
g2-g28 1 2 97 11 11 11
g2-g29 1 2 100 11 11 11
g2-g3 0 2 10 461 341 821
g2-g30 1 2 100 11 11 11
g2-g31 1 2 100 11 11 11
g2-g32 1 2 100 11 11 11
g2-g33 1 2 101 11 11 11
g2-g34 1 2 120 11 11 11
g2-g35 1 2 120 39 39 124
g2-g36 1 2 120 11 11 11
g2-g37 1 2 120 11 11 11
g2-g38 1 2 121 11 11 11
g2-g39 1 2 121 11 11 11
g2-g4 1 2 10 11 11 11
g2-g40 1 2 121 11 11 11
g2-g41 1 2 128 11 11 11
g2-g42 1 2 128 11 11 11
g2-g43 1 2 128 11 11 11
g2-g44 1 2 128 11 11 11
g2-g45 1 2 128 11 11 11
g2-g46 1 2 128 11 11 11
g2-g47 1 2 128 11 11 11
g2-g48 1 2 128 11 11 11
g2-g49 1 2 128 11 11 11
g2-g5 1 2 11 11 11 11
g2-g50 1 2 128 11 11 11
g2-g6 1 2 19 11 11 11
g2-g7 1 2 20 11 11 11
g2-g8 1 2 30 11 11 11
g2-g9 1 2 37 368 368 1193
g20-g21 1 2 64 3765 90 264291
g20-g23 0 2 73 0 0 0
g20-g26 0 2 80 0 0 0
g20-g27 0 2 86 0 0 0
g20-g29 0 2 100 0 0 0
g20-g30 0 2 100 0 0 0
g20-g31 0 2 100 0 0 0
g20-g32 1 2 100 65 65 65
g20-g38 0 2 121 0 0 0
g20-g40 -1 2 121 1000000000 1000000000 1000000000
g20-g43 0 2 128 0 0 0
g20-g44 0 2 128 0 0 0
g20-g45 0 2 128 0 0 0
g20-g48 0 2 128 0 0 0
g20-g50 -1 2 128 1000000000 1000000000 1000000000
g21-g27 0 2 86 0 0 0
g21-g32 1 2 100 65 65 65
g21-g40 0 2 121 0 0 0
g21-g50 0 2 128 0 0 0
g22-g23 0 2 73 0 0 0
g22-g25 0 2 75 0 0 0
g22-g26 0 2 80 0 0 0
g22-g27 0 2 86 1087 237 47023
g22-g28 0 2 97 0 0 0
g22-g29 0 2 100 105 104 3560
g22-g30 0 2 100 101 99 3390
g22-g31 0 2 100 150 150 5727
g22-g32 1 2 100 68 68 68
g22-g33 0 2 101 0 0 0
g22-g37 1 2 120 238 204 850
g22-g38 0 2 121 0 0 0
g22-g40 1 2 121 68 68 68
g22-g43 -1 2 128 1000000000 1000000000 1000000000
g22-g44 0 2 128 271 270 5201
g22-g45 0 2 128 227 205 5140
g22-g46 0 2 128 13 13 490
g22-g47 0 2 128 13 13 528
g22-g48 0 2 128 29 29 873
g22-g49 0 2 128 1000000000 1000000000 1000000000
g22-g50 1 2 128 68 68 68
g23-g27 0 2 86 0 0 0
g23-g32 1 2 100 74 74 74
g23-g40 1 2 121 9917593 9913627 841371460
g23-g50 1 2 128 74 74 1000000000
g24-g25 0 2 75 0 0 0
g24-g26 1 2 80 49 49 93308
g24-g27 1 2 86 51 51 69
g24-g28 0 2 97 0 0 0
g24-g29 0 2 100 1083434 1083434 5240487
g24-g30 0 2 100 1301361 1301361 6198227
g24-g31 0 2 100 10807873 10807873 45137455
g24-g32 1 2 100 49 49 49
g24-g33 0 2 101 0 0 0
g24-g35 0 2 120 2 2 141
g24-g36 0 2 120 0 0 0
g24-g37 1 2 120 54 54 105
g24-g38 0 2 121 0 0 0
g24-g39 0 2 121 0 0 0
g24-g40 1 2 121 49 49 49
g24-g41 0 2 128 0 0 0
g24-g42 1 2 128 49 49 49
g24-g43 1 2 128 51 51 598659
g24-g44 0 2 128 547 547 5325
g24-g45 0 2 128 561 561 5295
g24-g46 0 2 128 33 33 517
g24-g47 0 2 128 35 35 552
g24-g48 0 2 128 7872 7872 41339
g24-g49 1 2 128 49 49 49
g24-g50 1 2 128 49 49 49
g25-g26 1 2 80 74 74 9907
g25-g27 0 2 86 157235 155376 22730252
g25-g29 0 2 100 24 24 1694
g25-g30 0 2 100 18 18 1605
g25-g31 0 2 100 39 39 4293
g25-g32 1 2 100 32 32 32
g25-g38 0 2 121 0 0 0
g25-g40 1 2 121 32 32 32
g25-g43 1 2 128 64346 61527 592375
g25-g44 0 2 128 28 28 3682
g25-g45 0 2 128 28 28 3508
g25-g46 0 2 128 1 1 69
g25-g47 0 2 128 1 1 71
g25-g48 0 2 128 3 3 262
g25-g49 1 2 128 426 1053 16468102
g25-g50 1 2 128 32 32 32
g26-g27 0 2 86 0 0 0
g26-g32 1 2 100 78 78 78
g26-g40 1 2 121 895 747 164052
g26-g50 1 2 128 78 78 1000000000
g27-g32 1 2 100 87 87 87
g27-g50 1 2 128 87 87 107
g28-g29 1 2 100 78 78 83
g28-g30 1 2 100 75 75 289
g28-g31 1 2 100 73 73 80
g28-g32 1 2 100 73 73 73
g28-g33 0 2 101 0 0 0
g28-g37 1 2 120 1000000000 1000000000 1000000000
g28-g38 0 2 121 0 0 0
g28-g40 1 2 121 73 73 73
g28-g43 1 2 128 1000000000 1000000000 1000000000
g28-g44 1 2 128 73 73 83
g28-g45 1 2 128 73 73 83
g28-g46 1 2 128 74 74 74
g28-g47 1 2 128 339 75 2585757
g28-g48 1 2 128 73 73 75
g28-g49 1 2 128 1000000000 1000000000 1000000000
g28-g50 1 2 128 73 73 73
g29-g30 0 2 100 0 0 0
g29-g31 1 2 100 101 101 101
g29-g32 1 2 100 101 101 101
g29-g40 -1 2 121 1000000000 1000000000 1000000000
g29-g44 0 2 128 0 0 0
g29-g45 0 2 128 0 0 0
g29-g50 0 2 128 0 0 0
g3-g10 0 2 41 5 5 67
g3-g11 0 2 42 1 1 1
g3-g12 0 2 48 1 1 1
g3-g13 1 2 49 11 11 11
g3-g14 1 2 50 18 18 29
g3-g15 1 2 50 11 11 11
g3-g16 1 2 53 387 387 504
g3-g17 0 2 64 0 0 0
g3-g18 0 2 64 1 1 1
g3-g19 0 2 64 1 1 1
g3-g20 1 2 64 11 11 11
g3-g21 1 2 64 11 11 11
g3-g22 1 2 67 22 22 41
g3-g23 1 2 73 1050 1050 9997
g3-g24 0 2 75 0 0 0
g3-g25 1 2 75 11 11 11
g3-g26 1 2 80 311 311 8671
g3-g27 1 2 86 11 11 11
g3-g28 0 2 97 0 0 0
g3-g29 1 2 100 11 11 11
g3-g30 1 2 100 11 11 11
g3-g31 1 2 100 11 11 11
g3-g32 1 2 100 11 11 11
g3-g33 0 2 101 6901 6897 14253
g3-g34 0 2 120 1 1 1
g3-g35 1 2 120 85 83 525
g3-g36 0 2 120 1118 1084 2521
g3-g37 1 2 120 21 21 23
g3-g38 0 2 121 1 1 1
g3-g39 0 2 121 3922 3922 12112
g3-g4 1 2 10 11 11 11
g3-g40 1 2 121 11 11 11
g3-g41 0 2 128 6223 6223 15514
g3-g42 1 2 128 11 11 11
g3-g43 1 2 128 11 11 11
g3-g44 1 2 128 11 11 11
g3-g45 1 2 128 11 11 11
g3-g46 1 2 128 31 31 31
g3-g47 1 2 128 31 31 31
g3-g48 1 2 128 22 22 22
g3-g49 1 2 128 11 11 11
g3-g5 0 2 11 22 22 172
g3-g50 1 2 128 11 11 11
g3-g6 0 2 19 0 0 0
g3-g7 0 2 20 1 1 1
g3-g8 0 2 30 418 414 835
g3-g9 0 2 37 25 25 1556
g30-g31 0 2 100 0 0 0
g30-g32 0 2 100 0 0 0
g30-g40 0 2 121 0 0 0
g30-g44 0 2 128 0 0 0
g30-g45 0 2 128 0 0 0
g30-g50 0 2 128 0 0 0
g31-g32 1 2 100 101 101 101
g31-g40 -1 2 121 1000000000 1000000000 1000000000
g31-g50 0 2 128 0 0 0
g33-g37 0 2 120 1 1 20269
g33-g38 0 2 121 0 0 0
g33-g40 1 2 121 102 102 102
g33-g43 0 2 128 0 0 0
g33-g44 0 2 128 5284103 5147807 5720628
g33-g45 0 2 128 4740508 4632819 5134787
g33-g46 0 2 128 576 528 3258
g33-g47 0 2 128 684 637 3409
g33-g48 0 2 128 2357 2218 6558
g33-g49 0 2 128 155751742 49358092 1000000000
g33-g50 1 2 128 1000000000 1000000000 1000000000
g34-g35 0 2 120 0 0 0
g34-g36 0 2 120 0 0 0
g34-g37 0 2 120 142799914 135661505 200632376
g34-g38 0 2 121 0 0 0
g34-g39 0 2 121 0 0 0
g34-g40 1 2 121 130 130 130
g34-g41 0 2 128 0 0 0
g34-g42 0 2 128 7061 4886 11997530
g34-g43 0 2 128 0 0 0
g34-g44 0 2 128 0 0 0
g34-g45 0 2 128 0 0 0
g34-g46 -1 2 128 1000000000 1000000000 1000000000
g34-g47 -1 2 128 1000000000 1000000000 1000000000
g34-g48 -1 2 128 1000000000 1000000000 1000000000
g34-g49 -1 2 128 1000000000 1000000000 1000000000
g34-g50 -1 2 128 1000000000 1000000000 1000000000
g35-g37 1 2 120 105593 69483 692886
g35-g38 0 2 121 0 0 0
g35-g40 1 2 121 66316957852 1000000000 1000000000
g35-g41 0 2 128 0 0 0
g35-g42 0 2 128 0 0 0
g35-g43 0 2 128 0 0 0
g35-g44 0 2 128 0 0 0
g35-g45 0 2 128 0 0 0
g35-g46 0 2 128 86 85 513
g35-g47 0 2 128 94 93 547
g35-g48 0 2 128 107 104 898
g35-g49 0 2 128 1000000000 1000000000 1000000000
g35-g50 1 2 128 427528 394084 5003281
g36-g37 1 2 120 24127 17229 1468138
g36-g38 0 2 121 0 0 0
g36-g40 1 2 121 129818 122930 1244925
g36-g41 0 2 128 0 0 0
g36-g42 0 2 128 0 0 0
g36-g43 0 2 128 0 0 0
g36-g44 0 2 128 0 0 0
g36-g45 0 2 128 0 0 0
g36-g46 0 2 128 1338 1329 1827
g36-g47 0 2 128 1351 1339 1899
g36-g48 0 2 128 4009 3960 5026
g36-g49 0 2 128 0 0 0
g36-g50 -1 2 128 1000000000 1000000000 1000000000
g37-g38 0 2 121 0 0 0
g37-g40 1 2 121 307032788 131021297 1221447674
g37-g43 0 2 128 0 0 0
g37-g44 0 2 128 0 0 0
g37-g45 0 2 128 0 0 0
g37-g46 0 2 128 9 9 545
g37-g47 0 2 128 9 9 602
g37-g48 0 2 128 84 64 1269
g37-g49 0 2 128 0 0 0
g37-g50 -1 2 128 1000000000 1000000000 1000000000
g38-g40 1 2 121 91294767 56793143 1000000000
g38-g43 0 2 128 0 0 0
g38-g44 0 2 128 9 9 1241
g38-g45 0 2 128 10 9 1932
g38-g50 1 2 128 57 57 57
g39-g40 1 2 121 490780730 483491440 6535438751
g39-g41 0 2 128 0 0 0
g39-g42 0 2 128 0 0 0
g39-g43 0 2 128 0 0 0
g39-g44 0 2 128 0 0 0
g39-g45 0 2 128 0 0 0
g39-g46 0 2 128 3232 3200 4098
g39-g47 0 2 128 3365 3332 4235
g39-g48 0 2 128 8753 8703 9465
g39-g49 -1 2 128 1000000000 1000000000 1000000000
g39-g50 1 2 128 1000000000 1000000000 1000000000
g4-g10 0 2 41 0 0 0
g4-g11 0 2 42 0 0 0
g4-g12 0 2 48 0 0 0
g4-g13 0 2 49 0 0 0
g4-g14 0 2 50 0 0 0
g4-g15 1 2 50 11 11 11
g4-g16 0 2 53 0 0 0
g4-g20 0 2 64 2081 2081 1306113
g4-g21 1 2 64 11 11 11
g4-g22 0 2 67 0 0 0
g4-g23 1 2 73 11 11 11
g4-g25 1 2 75 11 11 11
g4-g26 1 2 80 11 11 11
g4-g27 1 2 86 11 11 11
g4-g28 0 2 97 0 0 0
g4-g29 0 2 100 88 88 3583
g4-g30 0 2 100 85 85 3415
g4-g31 0 2 100 134 134 5727
g4-g32 1 2 100 11 11 11
g4-g33 0 2 101 0 0 0
g4-g37 0 2 120 0 0 0
g4-g38 0 2 121 0 0 0
g4-g40 1 2 121 11 11 11
g4-g41 0 2 128 0 0 0
g4-g42 0 2 128 0 0 0
g4-g43 1 2 128 11 11 11
g4-g44 0 2 128 111 111 5316
g4-g45 0 2 128 110 110 5282
g4-g46 0 2 128 13 13 511
g4-g47 0 2 128 13 13 545
g4-g48 0 2 128 28 28 897
g4-g49 1 2 128 5546 5546 118043
g4-g5 0 2 11 0 0 0
g4-g50 1 2 128 11 11 11
g4-g6 0 2 19 0 0 0
g4-g7 0 2 20 0 0 0
g4-g9 0 2 37 0 0 0
g40-g50 0 2 128 0 0 0
g41-g42 0 2 128 0 0 0
g41-g43 0 2 128 0 0 0
g41-g44 0 2 128 0 0 0
g41-g45 0 2 128 0 0 0
g41-g46 0 2 128 1765 1746 3667
g41-g47 0 2 128 1953 1933 3799
g41-g48 0 2 128 5062 4992 7112
g41-g49 0 2 128 1000000000 1000000000 1000000000
g41-g50 -1 2 128 1000000000 1000000000 1000000000
g42-g43 0 2 128 0 0 0
g42-g44 0 2 128 0 0 0
g42-g45 0 2 128 0 0 0
g42-g46 0 2 128 7 7 489
g42-g47 0 2 128 7 7 527
g42-g48 0 2 128 30 30 876
g42-g49 -1 2 128 1000000000 1000000000 1000000000
g42-g50 -1 2 128 1000000000 1000000000 1000000000
g43-g44 0 2 128 0 0 0
g43-g45 0 2 128 0 0 0
g43-g50 -1 2 128 1000000000 1000000000 1000000000
g44-g45 0 2 128 0 0 0
g44-g50 0 2 128 0 0 0
g45-g50 0 2 128 0 0 0
g46-g47 0 2 128 0 0 0
g46-g48 1 2 128 129 129 129
g46-g50 0 2 128 0 0 0
g47-g48 0 2 128 0 0 0
g47-g50 0 2 128 0 0 0
g48-g50 0 2 128 0 0 0
g49-g50 -1 2 128 1000000000 1000000000 1000000000
g5-g11 0 2 42 0 0 0
g5-g12 0 2 48 0 0 0
g5-g13 1 2 49 12 12 12
g5-g14 1 2 50 15 15 25
g5-g15 1 2 50 12 12 12
g5-g16 0 2 53 1439 1439 5967
g5-g20 1 2 64 12 12 12
g5-g21 1 2 64 12 12 12
g5-g22 1 2 67 16 16 16
g5-g23 1 2 73 12 12 12
g5-g25 1 2 75 12 12 12
g5-g26 1 2 80 12 12 12
g5-g27 1 2 86 12 12 12
g5-g28 0 2 97 0 0 0
g5-g29 1 2 100 12 12 12
g5-g30 1 2 100 12 12 12
g5-g31 1 2 100 12 12 12
g5-g32 1 2 100 12 12 12
g5-g33 0 2 101 267 267 267
g5-g37 1 2 120 26 26 118780
g5-g38 0 2 121 0 0 0
g5-g40 1 2 121 12 12 12
g5-g41 1 2 128 12 12 12
g5-g42 1 2 128 12 12 12
g5-g43 1 2 128 12 12 12
g5-g44 1 2 128 12 12 12
g5-g45 1 2 128 13 13 13
g5-g46 1 2 128 340 340 458
g5-g47 1 2 128 1243 1243 1832
g5-g48 1 2 128 12 12 69
g5-g49 1 2 128 12 12 12
g5-g50 1 2 128 12 12 12
g5-g6 0 2 19 0 0 0
g5-g7 0 2 20 0 0 0
g6-g11 0 2 42 0 0 0
g6-g12 0 2 48 0 0 0
g6-g13 1 2 49 1314 1314 3014
g6-g14 1 2 50 991 903 3595
g6-g15 1 2 50 11389 1138 30527
g6-g16 1 2 53 66 65 290
g6-g20 1 2 64 20 20 20
g6-g21 1 2 64 20 20 20
g6-g22 0 2 67 1 1 449391
g6-g23 1 2 73 22 22 78013
g6-g25 1 2 75 84200 74266 36982647
g6-g26 1 2 80 80 64 279661
g6-g27 1 2 86 20 20 20
g6-g28 0 2 97 0 0 0
g6-g29 1 2 100 20 20 21
g6-g30 1 2 100 24 24 27
g6-g31 1 2 100 24 24 26
g6-g32 1 2 100 20 20 20
g6-g33 0 2 101 2 2 2
g6-g37 1 2 120 25 25 43
g6-g38 0 2 121 0 0 0
g6-g40 1 2 121 20 20 20
g6-g41 0 2 128 1 1 1
g6-g42 0 2 128 224 163 4274920
g6-g43 1 2 128 20 20 20
g6-g44 1 2 128 20 20 20
g6-g45 1 2 128 20 20 20
g6-g46 1 2 128 144 144 175
g6-g47 1 2 128 145 145 175
g6-g48 1 2 128 57 57 67
g6-g49 1 2 128 20 20 20
g6-g50 1 2 128 20 20 20
g6-g7 0 2 20 0 0 0
g7-g11 0 2 42 0 0 0
g7-g12 0 2 48 0 0 0
g7-g13 0 2 49 0 0 0
g7-g14 0 2 50 0 0 0
g7-g15 0 2 50 0 0 0
g7-g16 0 2 53 0 0 0
g7-g20 0 2 64 30161 30161 7552193
g7-g21 1 2 64 21 21 21
g7-g22 0 2 67 0 0 0
g7-g23 0 2 73 0 0 0
g7-g25 0 2 75 0 0 0
g7-g26 0 2 80 0 0 0
g7-g27 0 2 86 0 0 0
g7-g28 0 2 97 0 0 0
g7-g29 0 2 100 2038 2038 256930
g7-g30 0 2 100 2007 2007 243866
g7-g31 0 2 100 3151 3151 569503
g7-g32 1 2 100 21 21 21
g7-g33 0 2 101 0 0 0
g7-g37 0 2 120 0 0 0
g7-g38 1 2 121 21 21 21
g7-g40 1 2 121 30889 29458 965444
g7-g41 0 2 128 0 0 0
g7-g42 0 2 128 0 0 0
g7-g43 0 2 128 40481657240 30620830852 1000000000
g7-g44 0 2 128 1922 1922 371585
g7-g45 0 2 128 1850 1850 358143
g7-g46 0 2 128 393 393 27981
g7-g47 0 2 128 391 391 27627
g7-g48 0 2 128 865 865 52070
g7-g49 0 2 128 5120134 3566158 42360428852
g7-g50 1 2 128 21 21 21
g8-g10 0 2 41 0 0 0
g8-g11 0 2 42 0 0 0
g8-g12 0 2 48 0 0 0
g8-g13 0 2 49 4434 3426 682782
g8-g14 0 2 50 20 16 56770
g8-g15 0 2 50 419299 377060 7633113
g8-g16 1 2 53 108 98 9697
g8-g19 0 2 64 0 0 0
g8-g20 1 2 64 31 31 31
g8-g21 1 2 64 31 31 31
g8-g22 0 2 67 1 1 67702
g8-g23 0 2 73 919753 871851 21784764
g8-g25 0 2 75 0 0 0
g8-g26 0 2 80 613361 519261 95537080
g8-g27 1 2 86 83601 82680 1393795
g8-g28 0 2 97 0 0 0
g8-g29 1 2 100 1566 1563 1822
g8-g30 1 2 100 4584 4580 5308
g8-g31 1 2 100 1137 1137 1320
g8-g32 1 2 100 31 31 31
g8-g33 0 2 101 0 0 0
g8-g35 0 2 120 0 0 0
g8-g36 0 2 120 0 0 0
g8-g37 1 2 120 2921 2563 695473
g8-g38 0 2 121 0 0 0
g8-g40 1 2 121 31 31 31
g8-g41 0 2 128 0 0 0
g8-g42 0 2 128 121 80 82766
g8-g43 1 2 128 31 31 31
g8-g44 1 2 128 125 125 132
g8-g45 1 2 128 129 129 136
g8-g46 0 2 128 204794 204234 251524
g8-g47 0 2 128 200472 199712 246430
g8-g48 0 2 128 1692961 1690037 2059102
g8-g49 1 2 128 4993 4993 5390
g8-g50 1 2 128 31 31 31
g8-g9 0 2 37 0 0 0
g9-g10 0 2 41 0 0 0
g9-g11 0 2 42 0 0 0
g9-g12 0 2 48 0 0 0
g9-g13 0 2 49 0 0 0
g9-g14 0 2 50 0 0 0
g9-g15 0 2 50 17444206 93 50447003
g9-g16 0 2 53 3 3 3636
g9-g20 1 2 64 47 47 73
g9-g21 1 2 64 32 32 32
g9-g22 0 2 67 1 1 13567
g9-g23 1 2 73 280 280 790301
g9-g25 0 2 75 0 0 0
g9-g26 1 2 80 119 119 12362
g9-g27 1 2 86 42287 42287 945994
g9-g28 0 2 97 0 0 0
g9-g29 0 2 100 98724 98704 653611
g9-g30 0 2 100 90037 90016 645575
g9-g31 0 2 100 454459 454426 2162200
g9-g32 1 2 100 32 32 32
g9-g33 0 2 101 0 0 0
g9-g37 0 2 120 167 171 2036447
g9-g38 0 2 121 0 0 0
g9-g40 1 2 121 32 32 32
g9-g41 0 2 128 0 0 0
g9-g42 0 2 128 41 34 151284
g9-g43 1 2 128 32 32 35
g9-g44 0 2 128 4087671 4087628 26782909
g9-g45 0 2 128 3816025 3816069 26093840
g9-g46 0 2 128 178 166 1011
g9-g47 0 2 128 177 163 1010
g9-g48 0 2 128 755 743 2211
g9-g49 1 2 128 32 32 32
g9-g50 1 2 128 32 32 32
images-CVIU11-1-119 0 8 5376 1 1 1
images-CVIU11-1-131 0 8 2645 0 0 0
images-CVIU11-1-50 0 8 5306 0 0 0
images-CVIU11-1-81 0 8 3455 1 1 1
images-CVIU11-10-110 0 8 2666 0 0 0
images-CVIU11-10-139 0 8 2051 0 0 0
images-CVIU11-10-20 0 8 4682 0 0 0
images-CVIU11-10-50 0 8 5306 0 0 0
images-CVIU11-10-58 0 8 2365 1 1 1
images-CVIU11-10-60 0 8 3476 0 0 0
images-CVIU11-10-93 0 8 3915 1 1 1
images-CVIU11-11-4 0 8 4104 8 8 99
images-CVIU11-11-72 0 8 4314 9 9 131
images-CVIU11-11-8 0 8 3501 2 2 31
images-CVIU11-12-115 0 8 3615 1 1 4
images-CVIU11-12-137 0 8 1765 1 1 4
images-CVIU11-12-141 0 8 2036 1 1 1
images-CVIU11-12-4 0 8 4104 1 1 3
images-CVIU11-13-11 0 8 2362 0 0 0
images-CVIU11-13-118 0 8 3502 0 0 0
images-CVIU11-13-128 0 8 4476 0 0 0
images-CVIU11-13-13 0 8 3947 0 0 0
images-CVIU11-13-30 0 8 4854 0 0 0
images-CVIU11-13-46 0 8 3794 0 0 0
images-CVIU11-13-7 0 8 4754 0 0 0
images-CVIU11-14-106 0 8 3615 0 0 0
images-CVIU11-14-146 0 8 4549 1 1 1
images-CVIU11-14-16 0 8 2185 0 0 0
images-CVIU11-14-31 0 8 4105 0 0 0
images-CVIU11-14-63 0 8 4373 0 0 0
images-CVIU11-14-96 0 8 2944 0 0 0
images-CVIU11-15-146 0 8 4549 4 4 62
images-CVIU11-16-143 0 8 2450 0 0 0
images-CVIU11-16-37 0 8 5352 0 0 0
images-CVIU11-16-55 0 8 2607 0 0 0
images-CVIU11-17-107 0 8 3132 1 1 1
images-CVIU11-17-14 0 8 1845 0 0 0
images-CVIU11-17-82 0 8 4058 0 0 0
images-CVIU11-18-137 0 8 1765 0 0 0
images-CVIU11-18-139 0 8 2051 1 1 1
images-CVIU11-18-27 0 8 3551 0 0 0
images-CVIU11-18-33 0 8 5714 1 1 1
images-CVIU11-18-82 0 8 4058 1 1 1
images-CVIU11-18-85 0 8 4680 1 1 1
images-CVIU11-19-129 0 8 1751 3 3 8
images-CVIU11-19-131 0 8 2645 1 1 6
images-CVIU11-2-24 0 8 1478 0 0 0
images-CVIU11-2-33 0 8 5714 2 2 4
images-CVIU11-2-50 0 8 5306 0 0 0
images-CVIU11-2-54 0 8 2754 0 0 0
images-CVIU11-2-60 0 8 3476 0 0 0
images-CVIU11-2-63 0 8 4373 0 0 0
images-CVIU11-2-79 0 8 2319 2 2 6
images-CVIU11-20-134 0 8 3182 39 39 45
images-CVIU11-20-31 0 8 4105 19 19 61
images-CVIU11-20-46 0 8 3794 45 45 46
images-CVIU11-20-72 0 8 4314 38 36 85
images-CVIU11-20-88 0 8 4497 30 30 73
images-CVIU11-21-102 0 8 2626 0 0 0
images-CVIU11-21-119 0 8 5376 1 1 1
images-CVIU11-21-9 0 8 3426 0 0 0
images-CVIU11-22-100 0 8 1764 0 0 0
images-CVIU11-22-107 0 8 3132 0 0 0
images-CVIU11-22-110 0 8 2666 0 0 0
images-CVIU11-22-118 0 8 3502 0 0 0
images-CVIU11-22-12 0 8 3974 0 0 0
images-CVIU11-23-113 0 8 2877 0 0 0
images-CVIU11-23-143 0 8 2450 1 1 1
images-CVIU11-23-48 0 8 2867 1 1 1
images-CVIU11-24-113 0 8 2877 0 0 0
images-CVIU11-24-49 0 8 3737 1 1 4
images-CVIU11-24-5 0 8 5182 1 1 3
images-CVIU11-24-77 0 8 5732 6 6 21
images-CVIU11-25-139 0 8 2051 0 0 0
images-CVIU11-25-61 0 8 4779 0 0 0
images-CVIU11-25-66 0 8 2657 0 0 0
images-CVIU11-25-70 0 8 5232 0 0 0
images-CVIU11-25-77 0 8 5732 0 0 0
images-CVIU11-25-97 0 8 2930 0 0 0
images-CVIU11-26-106 0 8 3615 0 0 0
images-CVIU11-26-129 1 8 1751 71 71 71
images-CVIU11-26-138 0 8 5530 0 0 0
images-CVIU11-26-15 0 8 1385 0 0 0
images-CVIU11-26-57 0 8 5944 0 0 0
images-CVIU11-26-70 0 8 5232 0 0 0
images-CVIU11-26-71 0 8 4700 0 0 0
images-CVIU11-26-75 0 8 5528 0 0 0
images-CVIU11-26-77 0 8 5732 0 0 0
images-CVIU11-26-78 0 8 5489 0 0 0
images-CVIU11-27-125 0 8 4490 0 0 0
images-CVIU11-27-137 0 8 1765 0 0 0
images-CVIU11-27-144 0 8 3449 0 0 0
images-CVIU11-27-17 0 8 4361 0 0 0
images-CVIU11-27-36 0 8 3115 0 0 0
images-CVIU11-28-130 0 8 1721 0 0 0
images-CVIU11-28-135 0 8 2888 0 0 0
images-CVIU11-28-99 0 8 4377 0 0 0
images-CVIU11-29-107 0 8 3132 0 0 0
images-CVIU11-29-112 0 8 2526 0 0 0
images-CVIU11-29-114 0 8 2124 0 0 0
images-CVIU11-29-116 0 8 5710 0 0 0
images-CVIU11-29-12 0 8 3974 0 0 0
images-CVIU11-29-21 0 8 3875 0 0 0
images-CVIU11-29-3 0 8 4501 0 0 0
images-CVIU11-29-39 0 8 3218 0 0 0
images-CVIU11-29-75 0 8 5528 0 0 0
images-CVIU11-29-76 1 8 5763 23 23 23
images-CVIU11-29-79 0 8 2319 0 0 0
images-CVIU11-29-8 0 8 3501 0 0 0
images-CVIU11-29-82 0 8 4058 0 0 0
images-CVIU11-3-106 0 8 3615 6 5 28
images-CVIU11-3-138 0 8 5530 1 1 19
images-CVIU11-3-37 0 8 5352 15 12 68
images-CVIU11-3-48 0 8 2867 11 10 25
images-CVIU11-3-56 0 8 2308 2 2 31
images-CVIU11-3-74 0 8 5448 3 2 45
images-CVIU11-30-1 0 8 4212 1 1 1
images-CVIU11-30-11 0 8 2362 1 1 1
images-CVIU11-30-115 0 8 3615 1 1 1
images-CVIU11-30-12 0 8 3974 1 1 1
images-CVIU11-30-42 0 8 3834 1 1 1
images-CVIU11-30-66 0 8 2657 1 1 1
images-CVIU11-31-105 0 8 4159 0 0 0
images-CVIU11-31-109 0 8 4342 0 0 0
images-CVIU11-31-26 0 8 2123 0 0 0
images-CVIU11-31-31 0 8 4105 0 0 0
images-CVIU11-31-39 0 8 3218 0 0 0
images-CVIU11-33-109 0 8 4342 0 0 0
images-CVIU11-33-59 0 8 4838 0 0 0
images-CVIU11-33-71 0 8 4700 0 0 0
images-CVIU11-33-86 0 8 3696 0 0 0
images-CVIU11-33-88 0 8 4497 0 0 0
images-CVIU11-33-93 0 8 3915 0 0 0
images-CVIU11-34-106 0 8 3615 0 0 0
images-CVIU11-34-135 0 8 2888 0 0 0
images-CVIU11-34-88 0 8 4497 0 0 0
images-CVIU11-34-9 0 8 3426 0 0 0
images-CVIU11-35-141 0 8 2036 0 0 0
images-CVIU11-35-68 0 8 5540 0 0 0
images-CVIU11-36-11 0 8 2362 1 1 3
images-CVIU11-36-112 0 8 2526 1 1 3
images-CVIU11-36-140 0 8 2299 1 1 2
images-CVIU11-37-140 0 8 2299 0 0 0
images-CVIU11-37-146 0 8 4549 1 1 2
images-CVIU11-37-41 0 8 3632 1 1 2
images-CVIU11-37-54 0 8 2754 1 1 3
images-CVIU11-37-70 0 8 5232 1 1 6
images-CVIU11-37-84 0 8 1072 0 0 0
images-CVIU11-38-1 0 8 4212 0 0 0
images-CVIU11-38-10 0 8 3506 0 0 0
images-CVIU11-38-131 0 8 2645 0 0 0
images-CVIU11-38-23 0 8 4264 1 1 2
images-CVIU11-38-71 0 8 4700 1 1 1
images-CVIU11-38-78 0 8 5489 1 1 2
images-CVIU11-39-107 0 8 3132 0 0 0
images-CVIU11-39-114 0 8 2124 0 0 0
images-CVIU11-39-37 0 8 5352 0 0 0
images-CVIU11-39-68 0 8 5540 0 0 0
images-CVIU11-39-80 0 8 2734 0 0 0
images-CVIU11-4-42 0 8 3834 0 0 0
images-CVIU11-4-50 0 8 5306 0 0 0
images-CVIU11-40-126 0 8 1342 0 0 0
images-CVIU11-40-136 0 8 3109 0 0 0
images-CVIU11-40-139 0 8 2051 0 0 0
images-CVIU11-40-23 0 8 4264 1 1 1
images-CVIU11-40-46 0 8 3794 0 0 0
images-CVIU11-40-8 0 8 3501 1 1 1
images-CVIU11-41-113 0 8 2877 1 1 1
images-CVIU11-41-4 0 8 4104 1 1 1
images-CVIU11-41-86 0 8 3696 1 1 6
images-CVIU11-41-88 0 8 4497 1 1 9
images-CVIU11-42-112 0 8 2526 1 1 1
images-CVIU11-42-122 0 8 3315 0 0 0
images-CVIU11-42-53 0 8 2639 0 0 0
images-CVIU11-42-68 0 8 5540 1 1 1
images-CVIU11-42-78 0 8 5489 1 1 1
images-CVIU11-42-80 0 8 2734 0 0 0
images-CVIU11-42-88 0 8 4497 1 1 1
images-CVIU11-43-112 0 8 2526 7 7 10
images-CVIU11-43-65 0 8 3468 11 11 13
images-CVIU11-43-76 0 8 5763 3 3 10
images-CVIU11-44-119 0 8 5376 0 0 0
images-CVIU11-44-20 0 8 4682 0 0 0
images-CVIU11-44-84 0 8 1072 0 0 0
images-CVIU11-44-98 0 8 2005 0 0 0
images-CVIU11-5-134 0 8 3182 0 0 0
images-CVIU11-5-19 0 8 5916 0 0 0
images-CVIU11-5-62 0 8 5025 1 1 1
images-CVIU11-6-119 0 8 5376 0 0 0
images-CVIU11-6-25 0 8 2778 0 0 0
images-CVIU11-6-58 0 8 2365 0 0 0
images-CVIU11-7-56 0 8 2308 3 3 4
images-CVIU11-7-96 0 8 2944 7 8 10
images-CVIU11-8-120 0 8 4301 0 0 0
images-CVIU11-8-129 0 8 1751 0 0 0
images-CVIU11-8-130 0 8 1721 0 0 0
images-CVIU11-8-20 0 8 4682 0 0 0
images-CVIU11-8-68 0 8 5540 0 0 0
images-CVIU11-8-83 0 8 4293 0 0 0
images-CVIU11-9-110 0 8 2666 1 1 1
meshes-CVIU11-1-106 0 10 969 0 0 0
meshes-CVIU11-1-120 0 10 794 0 0 0
meshes-CVIU11-1-149 0 10 1439 0 0 0
meshes-CVIU11-1-170 0 10 938 0 0 0
meshes-CVIU11-1-175 0 10 286 0 0 0
meshes-CVIU11-1-187 0 10 4034 0 0 0
meshes-CVIU11-1-188 0 10 1827 0 0 0
meshes-CVIU11-1-20 0 10 1830 0 0 0
meshes-CVIU11-1-205 0 10 963 0 0 0
meshes-CVIU11-1-206 0 10 5357 0 0 0
meshes-CVIU11-1-220 0 10 300 0 0 0
meshes-CVIU11-1-223 0 10 2431 0 0 0
meshes-CVIU11-1-225 0 10 3303 0 0 0
meshes-CVIU11-1-250 0 10 529 0 0 0
meshes-CVIU11-1-278 0 10 364 0 0 0
meshes-CVIU11-1-279 0 10 600 0 0 0
meshes-CVIU11-1-282 0 10 1816 0 0 0
meshes-CVIU11-1-283 0 10 4142 0 0 0
meshes-CVIU11-1-294 0 10 1929 0 0 0
meshes-CVIU11-1-305 0 10 844 0 0 0
meshes-CVIU11-1-314 0 10 5183 0 0 0
meshes-CVIU11-1-318 0 10 4127 0 0 0
meshes-CVIU11-1-34 0 10 2948 0 0 0
meshes-CVIU11-1-357 0 10 411 0 0 0
meshes-CVIU11-1-360 0 10 3302 0 0 0
meshes-CVIU11-1-368 0 10 2288 0 0 0
meshes-CVIU11-1-37 0 10 415 0 0 0
meshes-CVIU11-1-397 0 10 2968 0 0 0
meshes-CVIU11-1-410 0 10 358 0 0 0
meshes-CVIU11-1-424 0 10 2229 0 0 0
meshes-CVIU11-1-431 0 10 3671 0 0 0
meshes-CVIU11-1-461 0 10 5613 0 0 0
meshes-CVIU11-1-466 0 10 282 0 0 0
meshes-CVIU11-1-489 0 10 3790 0 0 0
meshes-CVIU11-1-511 0 10 3670 0 0 0
meshes-CVIU11-1-63 0 10 1001 0 0 0
meshes-CVIU11-1-88 0 10 728 0 0 0
meshes-CVIU11-2-100 0 10 5008 0 0 0
meshes-CVIU11-2-108 0 10 1641 0 0 0
meshes-CVIU11-2-11 0 10 534 0 0 0
meshes-CVIU11-2-121 0 10 290 0 0 0
meshes-CVIU11-2-13 0 10 1380 0 0 0
meshes-CVIU11-2-137 0 10 1506 0 0 0
meshes-CVIU11-2-177 0 10 733 0 0 0
meshes-CVIU11-2-211 0 10 935 0 0 0
meshes-CVIU11-2-223 0 10 2431 0 0 0
meshes-CVIU11-2-233 0 10 1213 0 0 0
meshes-CVIU11-2-245 0 10 838 0 0 0
meshes-CVIU11-2-246 0 10 1726 0 0 0
meshes-CVIU11-2-248 0 10 1247 0 0 0
meshes-CVIU11-2-267 0 10 2604 0 0 0
meshes-CVIU11-2-3 0 10 400 0 0 0
meshes-CVIU11-2-300 0 10 1387 0 0 0
meshes-CVIU11-2-304 0 10 855 0 0 0
meshes-CVIU11-2-305 0 10 844 0 0 0
meshes-CVIU11-2-317 0 10 485 0 0 0
meshes-CVIU11-2-321 0 10 1809 0 0 0
meshes-CVIU11-2-324 0 10 847 0 0 0
meshes-CVIU11-2-349 0 10 759 0 0 0
meshes-CVIU11-2-35 0 10 808 0 0 0
meshes-CVIU11-2-353 0 10 3436 0 0 0
meshes-CVIU11-2-354 0 10 843 0 0 0
meshes-CVIU11-2-365 0 10 935 0 0 0
meshes-CVIU11-2-447 0 10 3497 0 0 0
meshes-CVIU11-2-449 0 10 2917 0 0 0
meshes-CVIU11-2-462 0 10 526 0 0 0
meshes-CVIU11-2-484 0 10 3787 0 0 0
meshes-CVIU11-2-487 0 10 4278 0 0 0
meshes-CVIU11-2-493 0 10 1383 0 0 0
meshes-CVIU11-2-503 0 10 1671 0 0 0
meshes-CVIU11-2-511 0 10 3670 0 0 0
meshes-CVIU11-2-513 0 10 1467 0 0 0
meshes-CVIU11-2-52 0 10 777 0 0 0
meshes-CVIU11-2-54 0 10 1344 0 0 0
meshes-CVIU11-2-6 0 10 2040 0 0 0
meshes-CVIU11-2-76 0 10 3778 0 0 0
meshes-CVIU11-2-80 0 10 3249 0 0 0
meshes-CVIU11-3-100 0 10 5008 0 0 0
meshes-CVIU11-3-12 0 10 216 2 2 20
meshes-CVIU11-3-130 0 10 2512 0 0 0
meshes-CVIU11-3-139 0 10 5217 61 61 717
meshes-CVIU11-3-147 0 10 1654 0 0 0
meshes-CVIU11-3-151 0 10 886 0 0 0
meshes-CVIU11-3-158 1 10 3944 1000000000 1000000000 1000000000
meshes-CVIU11-3-16 0 10 1721 0 0 0
meshes-CVIU11-3-17 0 10 1678 0 0 0
meshes-CVIU11-3-190 0 10 870 0 0 0
meshes-CVIU11-3-193 0 10 2478 0 0 0
meshes-CVIU11-3-195 0 10 2964 0 0 0
meshes-CVIU11-3-213 1 10 409 1000000000 1000000000 1000000000
meshes-CVIU11-3-218 0 10 2200 2 2 339
meshes-CVIU11-3-220 0 10 300 0 0 0
meshes-CVIU11-3-23 0 10 1737 0 0 0
meshes-CVIU11-3-242 1 10 3195 1000000000 1000000000 1000000000
meshes-CVIU11-3-246 0 10 1726 11 11 63
meshes-CVIU11-3-251 0 10 416 5 5 36
meshes-CVIU11-3-289 0 10 285 2 2 5
meshes-CVIU11-3-290 0 10 262 2464 2428 7055
meshes-CVIU11-3-313 1 10 2559 1000000000 1000000000 1000000000
meshes-CVIU11-3-325 0 10 284 2 2 29
meshes-CVIU11-3-35 0 10 808 10 10 31
meshes-CVIU11-3-357 0 10 411 4 4 15
meshes-CVIU11-3-381 0 10 611 0 0 0
meshes-CVIU11-3-408 0 10 352 0 0 0
meshes-CVIU11-3-431 0 10 3671 0 0 0
meshes-CVIU11-3-434 1 10 3773 1000000000 1000000000 1000000000
meshes-CVIU11-3-448 0 10 2605 2 2 153
meshes-CVIU11-3-45 0 10 1395 7 7 90
meshes-CVIU11-3-457 0 10 1347 0 0 0
meshes-CVIU11-3-484 0 10 3787 4 4 177
meshes-CVIU11-3-501 0 10 3426 7 7 43
meshes-CVIU11-3-503 0 10 1671 64 64 68
meshes-CVIU11-3-511 0 10 3670 0 0 0
meshes-CVIU11-3-512 0 10 514 1000000000 1000000000 1000000000
meshes-CVIU11-3-513 0 10 1467 0 0 0
meshes-CVIU11-3-526 0 10 941 13 13 111
meshes-CVIU11-3-59 0 10 991 0 0 0
meshes-CVIU11-3-7 0 10 585 0 0 0
meshes-CVIU11-3-97 0 10 3478 2 2 14
meshes-CVIU11-3-98 0 10 4389 0 0 0
meshes-CVIU11-4-114 0 10 1064 0 0 0
meshes-CVIU11-4-129 0 10 4437 0 0 0
meshes-CVIU11-4-135 0 10 391 0 0 0
meshes-CVIU11-4-166 0 10 201 0 0 0
meshes-CVIU11-4-168 0 10 1341 0 0 0
meshes-CVIU11-4-206 0 10 5357 0 0 0
meshes-CVIU11-4-213 0 10 409 0 0 0
meshes-CVIU11-4-228 0 10 4233 0 0 0
meshes-CVIU11-4-248 0 10 1247 0 0 0
meshes-CVIU11-4-268 0 10 3686 0 0 0
meshes-CVIU11-4-311 0 10 4127 0 0 0
meshes-CVIU11-4-313 0 10 2559 0 0 0
meshes-CVIU11-4-325 0 10 284 0 0 0
meshes-CVIU11-4-341 0 10 527 0 0 0
meshes-CVIU11-4-387 0 10 1258 0 0 0
meshes-CVIU11-4-441 0 10 2727 0 0 0
meshes-CVIU11-4-45 0 10 1395 0 0 0
meshes-CVIU11-4-46 0 10 869 0 0 0
meshes-CVIU11-4-471 0 10 3557 0 0 0
meshes-CVIU11-4-487 0 10 4278 0 0 0
meshes-CVIU11-4-501 0 10 3426 0 0 0
meshes-CVIU11-4-80 0 10 3249 0 0 0
meshes-CVIU11-5-102 0 10 3259 0 0 0
meshes-CVIU11-5-115 0 10 545 0 0 0
meshes-CVIU11-5-121 0 10 290 0 0 0
meshes-CVIU11-5-147 0 10 1654 0 0 0
meshes-CVIU11-5-148 0 10 2409 0 0 0
meshes-CVIU11-5-163 0 10 1971 0 0 0
meshes-CVIU11-5-182 0 10 1072 0 0 0
meshes-CVIU11-5-188 0 10 1827 0 0 0
meshes-CVIU11-5-191 0 10 4882 2 2 33820
meshes-CVIU11-5-200 0 10 716 0 0 0
meshes-CVIU11-5-212 0 10 1697 0 0 0
meshes-CVIU11-5-216 0 10 716 0 0 0
meshes-CVIU11-5-223 0 10 2431 0 0 0
meshes-CVIU11-5-244 0 10 2108 0 0 0
meshes-CVIU11-5-283 0 10 4142 0 0 0
meshes-CVIU11-5-286 0 10 640 0 0 0
meshes-CVIU11-5-304 0 10 855 0 0 0
meshes-CVIU11-5-306 0 10 5254 0 0 0
meshes-CVIU11-5-315 0 10 415 0 0 0
meshes-CVIU11-5-333 0 10 2087 0 0 0
meshes-CVIU11-5-34 0 10 2948 0 0 0
meshes-CVIU11-5-36 0 10 3278 0 0 0
meshes-CVIU11-5-409 0 10 375 0 0 0
meshes-CVIU11-5-433 0 10 2098 0 0 0
meshes-CVIU11-5-464 0 10 4020 0 0 0
meshes-CVIU11-5-468 0 10 1539 0 0 0
meshes-CVIU11-5-488 0 10 3472 0 0 0
meshes-CVIU11-5-517 0 10 5069 0 0 0
meshes-CVIU11-5-59 0 10 991 0 0 0
meshes-CVIU11-5-73 0 10 1216 0 0 0
meshes-CVIU11-5-99 0 10 4296 0 0 0
meshes-CVIU11-6-102 0 10 3259 0 0 0
meshes-CVIU11-6-150 0 10 4080 0 0 0
meshes-CVIU11-6-151 0 10 886 0 0 0
meshes-CVIU11-6-163 0 10 1971 0 0 0
meshes-CVIU11-6-194 0 10 1730 0 0 0
meshes-CVIU11-6-211 0 10 935 0 0 0
meshes-CVIU11-6-265 0 10 643 0 0 0
meshes-CVIU11-6-293 0 10 383 0 0 0
meshes-CVIU11-6-303 0 10 2040 0 0 0
meshes-CVIU11-6-306 0 10 5254 0 0 0
meshes-CVIU11-6-314 0 10 5183 0 0 0
meshes-CVIU11-6-325 0 10 284 0 0 0
meshes-CVIU11-6-338 0 10 279 0 0 0
meshes-CVIU11-6-345 0 10 678 0 0 0
meshes-CVIU11-6-400 0 10 1409 0 0 0
meshes-CVIU11-6-438 0 10 3222 0 0 0
meshes-CVIU11-6-443 0 10 2440 0 0 0
meshes-CVIU11-6-485 0 10 857 0 0 0
meshes-CVIU11-6-498 0 10 428 0 0 0
meshes-CVIU11-6-523 0 10 472 0 0 0
meshes-CVIU11-6-528 0 10 5039 0 0 0
meshes-CVIU11-6-56 0 10 719 0 0 0
meshes-CVIU11-6-58 0 10 400 0 0 0
meshes-CVIU11-6-65 0 10 5111 0 0 0
meshes-CVIU11-6-68 0 10 4326 0 0 0
meshes-CVIU11-6-77 0 10 2241 0 0 0
meshes-CVIU11-6-81 0 10 877 0 0 0
PR15-1 1 9 4838 84 84 84
PR15-2 1 9 4838 160 159 234
PR15-3 1 9 4838 11 11 11
PR15-4 1 9 4838 9 9 9
PR15-5 1 9 4838 19 19 19
PR15-6 1 9 4838 95 95 95
PR15-7 1 9 4838 171 171 171
PR15-8 1 9 4838 7 7 7
PR15-9 1 9 4838 75 75 77
PR15-10 1 9 4838 10 10 10
PR15-11 1 9 4838 6 6 6
PR15-12 1 9 4838 8 8 8
PR15-13 1 9 4838 64 64 64
PR15-14 1 9 4838 122 122 122
PR15-15 1 9 4838 78 78 78
PR15-16 1 9 4838 5 5 5
PR15-17 1 9 4838 21 21 25
PR15-18 1 9 4838 16 16 16
PR15-19 1 9 4838 8 8 8
PR15-20 1 9 4838 23 23 25
PR15-21 1 9 4838 17 17 17
PR15-22 1 9 4838 19 19 19
PR15-23 1 9 4838 6 6 6
PR15-24 1 9 4838 54 54 61
